[id][cost,state,father_id,action,depth,h,value]
[0][0,(0, 0),None,None,0,98,0]
[1][2,(1, 0),0,S,1,97,1]
[3][5,(1, 1),1,E,2,96,2]
[5][6,(1, 2),3,E,3,95,3]
[11][7,(1, 3),5,E,4,94,4]
[20][8,(1, 4),11,E,5,93,5]
[33][10,(2, 4),20,S,6,92,6]
[49][11,(2, 5),33,E,7,91,7]
[63][12,(2, 6),49,E,8,90,8]
[83][14,(2, 7),63,E,9,89,9]
[111][15,(3, 7),83,S,10,88,10]
[146][18,(3, 8),111,E,11,87,11]
[181][20,(3, 9),146,E,12,86,12]
[219][22,(4, 9),181,S,13,85,13]
[260][23,(4, 10),219,E,14,84,14]
[302][24,(4, 11),260,E,15,83,15]
[349][25,(5, 11),302,S,16,82,16]
[399][28,(5, 12),349,E,17,81,17]
[449][29,(6, 12),399,S,18,80,18]
[506][30,(6, 13),449,E,19,79,19]
[566][32,(6, 14),506,E,20,78,20]
[630][33,(7, 14),566,S,21,77,21]
[692][34,(7, 15),630,E,22,76,22]
[752][38,(8, 15),692,S,23,75,23]
[820][39,(8, 16),752,E,24,74,24]
[893][40,(9, 16),820,S,25,73,25]
[971][43,(9, 17),893,E,26,72,26]
[1048][44,(9, 18),971,E,27,71,27]
[1128][45,(9, 19),1048,E,28,70,28]
[1206][46,(9, 20),1128,E,29,69,29]
[1292][48,(9, 21),1206,E,30,68,30]
[1392][52,(9, 22),1292,E,31,67,31]
[1492][55,(10, 22),1392,S,32,66,32]
[1594][56,(10, 23),1492,E,33,65,33]
[1696][58,(10, 24),1594,E,34,64,34]
[1801][60,(11, 24),1696,S,35,63,35]
[1913][64,(11, 25),1801,E,36,62,36]
[2028][65,(11, 26),1913,E,37,61,37]
[2144][67,(11, 27),2028,E,38,60,38]
[2256][71,(11, 28),2144,E,39,59,39]
[2377][74,(11, 29),2256,E,40,58,40]
[2505][76,(12, 29),2377,S,41,57,41]
[2636][77,(12, 30),2505,E,42,56,42]
[2778][79,(12, 31),2636,E,43,55,43]
[2924][80,(12, 32),2778,E,44,54,44]
[3072][81,(12, 33),2924,E,45,53,45]
[3220][82,(12, 34),3072,E,46,52,46]
[3361][84,(12, 35),3220,E,47,51,47]
[3497][85,(12, 36),3361,E,48,50,48]
[3637][86,(12, 37),3497,E,49,49,49]
[3790][89,(12, 38),3637,E,50,48,50]
[3953][92,(13, 38),3790,S,51,47,51]
[4122][95,(14, 38),3953,S,52,46,52]
[4288][96,(14, 39),4122,E,53,45,53]
[4456][100,(15, 39),4288,S,54,44,54]
[4635][101,(16, 39),4456,S,55,43,55]
[4809][103,(17, 39),4635,S,56,42,56]
[4975][105,(18, 39),4809,S,57,41,57]
[5134][108,(18, 40),4975,E,58,40,58]
[5287][111,(19, 40),5134,S,59,39,59]
[5435][112,(19, 41),5287,E,60,38,60]
[5569][116,(19, 42),5435,E,61,37,61]
[5704][119,(20, 42),5569,S,62,36,62]
[5839][120,(21, 42),5704,S,63,35,63]
[5968][121,(22, 42),5839,S,64,34,64]
[6085][124,(23, 42),5968,S,65,33,65]
[6191][125,(24, 42),6085,S,66,32,66]
[6301][129,(25, 42),6191,S,67,31,67]
[6419][132,(26, 42),6301,S,68,30,68]
[6529][134,(27, 42),6419,S,69,29,69]
[6628][135,(28, 42),6529,S,70,28,70]
[6720][139,(29, 42),6628,S,71,27,71]
[6809][141,(30, 42),6720,S,72,26,72]
[6902][142,(31, 42),6809,S,73,25,73]
[6989][143,(31, 43),6902,E,74,24,74]
[7066][145,(32, 43),6989,S,75,23,75]
[7138][147,(33, 43),7066,S,76,22,76]
[7206][151,(33, 44),7138,E,77,21,77]
[7280][153,(34, 44),7206,S,78,20,78]
[7359][156,(35, 44),7280,S,79,19,79]
[7428][159,(36, 44),7359,S,80,18,80]
[7491][160,(37, 44),7428,S,81,17,81]
[7548][163,(38, 44),7491,S,82,16,82]
[7600][166,(39, 44),7548,S,83,15,83]
[7653][168,(40, 44),7600,S,84,14,84]
[7704][171,(41, 44),7653,S,85,13,85]
[7751][173,(41, 45),7704,E,86,12,86]
[7787][176,(41, 46),7751,E,87,11,87]
[7820][179,(41, 47),7787,E,88,10,88]
[7858][180,(42, 47),7820,S,89,9,89]
[7895][183,(42, 48),7858,E,90,8,90]
[7926][184,(43, 48),7895,S,91,7,91]
[7952][188,(44, 48),7926,S,92,6,92]
[7971][189,(45, 48),7952,S,93,5,93]
[7988][190,(45, 49),7971,E,94,4,94]
[8004][192,(46, 49),7988,S,95,3,95]
[8021][194,(47, 49),8004,S,96,2,96]
[8034][195,(48, 49),8021,S,97,1,97]
[8044][199,(49, 49),8034,S,98,0,98]