[id][cost,state,father_id,action,depth,h,value]
[0][0,(0, 0),None,None,0,48,0]
[1][2,(1, 0),0,S,1,47,1]
[4][3,(2, 0),1,S,2,46,2]
[8][4,(2, 1),4,E,3,45,3]
[11][7,(2, 2),8,E,4,44,4]
[18][8,(2, 3),11,E,5,43,5]
[31][9,(2, 4),18,E,6,42,6]
[49][10,(3, 4),31,S,7,41,7]
[69][11,(3, 5),49,E,8,40,8]
[89][12,(3, 6),69,E,9,39,9]
[115][13,(3, 7),89,E,10,38,10]
[143][14,(4, 7),115,S,11,37,11]
[176][18,(5, 7),143,S,12,36,12]
[212][20,(6, 7),176,S,13,35,13]
[250][24,(6, 8),212,E,14,34,14]
[291][27,(6, 9),250,E,15,33,15]
[334][29,(7, 9),291,S,16,32,16]
[377][31,(7, 10),334,E,17,31,17]
[427][34,(7, 11),377,E,18,30,18]
[490][35,(7, 12),427,E,19,29,19]
[553][36,(7, 13),490,E,20,28,20]
[613][37,(7, 14),553,E,21,27,21]
[675][39,(8, 14),613,S,22,26,22]
[734][41,(8, 15),675,E,23,25,23]
[786][43,(8, 16),734,E,24,24,24]
[846][44,(8, 17),786,E,25,23,25]
[919][45,(8, 18),846,E,26,22,26]
[1003][46,(9, 18),919,S,27,21,27]
[1094][47,(10, 18),1003,S,28,20,28]
[1184][50,(11, 18),1094,S,29,19,29]
[1267][52,(12, 18),1184,S,30,18,30]
[1347][53,(13, 18),1267,S,31,17,31]
[1423][54,(14, 18),1347,S,32,16,32]
[1494][55,(15, 18),1423,S,33,15,33]
[1551][57,(16, 18),1494,S,34,14,34]
[1601][58,(17, 18),1551,S,35,13,35]
[1653][59,(18, 18),1601,S,36,12,36]
[1696][62,(18, 19),1653,E,37,11,37]
[1731][64,(19, 19),1696,S,38,10,38]
[1771][65,(20, 19),1731,S,39,9,39]
[1809][66,(20, 20),1771,E,40,8,40]
[1834][68,(20, 21),1809,E,41,7,41]
[1861][70,(21, 21),1834,S,42,6,42]
[1887][71,(22, 21),1861,S,43,5,43]
[1907][73,(22, 22),1887,E,44,4,44]
[1921][74,(23, 22),1907,S,45,3,45]
[1933][75,(23, 23),1921,E,46,2,46]
[1942][77,(24, 23),1933,S,47,1,47]
[1950][78,(24, 24),1942,E,48,0,48]