[id][cost,state,father_id,action,depth,h,value]
[0][0,(0, 0),None,None,0,48,0]
[1][2,(1, 0),0,S,1,47,2]
[4][3,(2, 0),1,S,2,46,3]
[8][4,(2, 1),4,E,3,45,4]
[9][7,(2, 2),8,E,4,44,7]
[23][8,(2, 3),9,E,5,43,8]
[34][9,(2, 4),23,E,6,42,9]
[54][10,(3, 4),34,S,7,41,10]
[63][11,(3, 5),54,E,8,40,11]
[75][12,(3, 6),63,E,9,39,12]
[98][13,(4, 6),75,S,10,38,13]
[114][14,(5, 6),98,S,11,37,14]
[132][15,(6, 6),114,S,12,36,15]
[154][17,(7, 6),132,S,13,35,17]
[201][19,(8, 6),154,S,14,34,19]
[242][21,(8, 7),201,E,15,33,21]
[266][22,(9, 7),242,S,16,32,22]
[300][23,(10, 7),266,S,17,31,23]
[334][24,(11, 7),300,S,18,30,24]
[390][25,(12, 7),334,S,19,29,25]
[434][26,(13, 7),390,S,20,28,26]
[477][29,(14, 7),434,S,21,27,29]
[611][30,(14, 8),477,E,22,26,30]
[650][31,(14, 9),611,E,23,25,31]
[690][32,(14, 10),650,E,24,24,32]
[741][33,(14, 11),690,E,25,23,33]
[795][36,(15, 11),741,S,26,22,36]
[926][37,(15, 12),795,E,27,21,37]
[975][38,(16, 12),926,S,28,20,38]
[1035][39,(16, 13),975,E,29,19,39]
[1089][40,(16, 14),1035,E,30,18,40]
[1149][43,(16, 15),1089,E,31,17,43]
[1316][44,(16, 16),1149,E,32,16,44]
[1376][45,(17, 16),1316,S,33,15,45]
[1450][46,(18, 16),1376,S,34,14,46]
[1515][47,(18, 17),1450,E,35,13,47]
[1557][49,(19, 17),1515,S,36,12,49]
[1658][50,(20, 17),1557,S,37,11,50]
[1696][51,(20, 18),1658,E,38,10,51]
[1746][53,(20, 19),1696,E,39,9,53]
[1808][54,(20, 20),1746,E,40,8,54]
[1838][56,(21, 20),1808,S,41,7,56]
[1873][57,(21, 21),1838,E,42,6,57]
[1884][58,(22, 21),1873,S,43,5,58]
[1907][60,(22, 22),1884,E,44,4,60]
[1923][61,(23, 22),1907,S,45,3,61]
[1933][62,(23, 23),1923,E,46,2,62]
[1937][64,(24, 23),1933,S,47,1,64]
[1950][65,(24, 24),1937,E,48,0,65]