[id][cost,state,father_id,action,depth,h,value]
[0][0,(0, 0),None,None,0,73,73]
[2][3,(1, 0),0,S,1,72,75]
[7][5,(2, 0),2,S,2,71,76]
[24][6,(3, 0),7,S,3,70,76]
[36][7,(3, 1),24,E,4,69,76]
[39][8,(4, 1),36,S,5,68,76]
[54][10,(5, 1),39,S,6,67,77]
[72][11,(5, 2),54,E,7,66,77]
[75][12,(6, 2),72,S,8,65,77]
[87][13,(7, 2),75,S,9,64,77]
[96][14,(8, 2),87,S,10,63,77]
[103][15,(8, 3),96,E,11,62,77]
[107][16,(9, 3),103,S,12,61,77]
[113][17,(10, 3),107,S,13,60,77]
[120][18,(11, 3),113,S,14,59,77]
[126][19,(11, 4),120,E,15,58,77]
[129][21,(11, 5),126,E,16,57,78]
[180][22,(11, 6),129,E,17,56,78]
[184][25,(11, 7),180,E,18,55,80]
[281][26,(11, 8),184,E,19,54,80]
[285][27,(12, 8),281,S,20,53,80]
[293][30,(12, 9),285,E,21,52,82]
[520][31,(12, 10),293,E,22,51,82]
[525][32,(13, 10),520,S,23,50,82]
[555][33,(14, 10),525,S,24,49,82]
[583][34,(14, 11),555,E,25,48,82]
[587][35,(15, 11),583,S,26,47,82]
[621][37,(16, 11),587,S,27,46,83]
[735][38,(16, 12),621,E,28,45,83]
[738][39,(17, 12),735,S,29,44,83]
[752][40,(17, 13),738,E,30,43,83]
[756][41,(17, 14),752,E,31,42,83]
[760][42,(17, 15),756,E,32,41,83]
[764][43,(17, 16),760,E,33,40,83]
[769][44,(18, 16),764,S,34,39,83]
[795][45,(19, 16),769,S,35,38,83]
[809][47,(20, 16),795,S,36,37,84]
[896][48,(21, 16),809,S,37,36,84]
[905][49,(22, 16),896,S,38,35,84]
[912][52,(23, 16),905,S,39,34,86]
[1241][54,(24, 16),912,S,40,33,87]
[1427][55,(25, 16),1241,S,41,32,87]
[1434][56,(25, 17),1427,E,42,31,87]
[1438][57,(26, 17),1434,S,43,30,87]
[1442][58,(27, 17),1438,S,44,29,87]
[1449][60,(28, 17),1442,S,45,28,88]
[1565][61,(29, 17),1449,S,46,27,88]
[1591][62,(30, 17),1565,S,47,26,88]
[1607][63,(30, 18),1591,E,48,25,88]
[1611][64,(30, 19),1607,E,49,24,88]
[1615][65,(30, 20),1611,E,50,23,88]
[1619][66,(31, 20),1615,S,51,22,88]
[1635][68,(31, 21),1619,E,52,21,89]
[1794][69,(32, 21),1635,S,53,20,89]
[1805][70,(33, 21),1794,S,54,19,89]
[1819][71,(34, 21),1805,S,55,18,89]
[1834][73,(35, 21),1819,S,56,17,90]
[2045][74,(36, 21),1834,S,57,16,90]
[2057][76,(37, 21),2045,S,58,15,91]
[2164][77,(38, 21),2057,S,59,14,91]
[2175][78,(39, 21),2164,S,60,13,91]
[2178][81,(40, 21),2175,S,61,12,93]
[2441][82,(40, 22),2178,E,62,11,93]
[2445][83,(41, 22),2441,S,63,10,93]
[2453][86,(42, 22),2445,S,64,9,95]
[2725][88,(43, 22),2453,S,65,8,96]
[2883][89,(44, 22),2725,S,66,7,96]
[2889][90,(45, 22),2883,S,67,6,96]
[2896][91,(46, 22),2889,S,68,5,96]
[2903][92,(46, 23),2896,E,69,4,96]
[2907][94,(47, 23),2903,S,70,3,97]
[2977][96,(47, 24),2907,E,71,2,98]
[3166][97,(48, 24),2977,S,72,1,98]
[3173][98,(49, 24),3166,S,73,0,98]