[id][cost,state,father_id,action,depth,h,value]
[0][0,(0, 0),None,None,0,73,73]
[1][2,(1, 0),0,S,1,72,72]
[3][4,(1, 1),1,E,2,71,71]
[6][5,(2, 1),3,S,3,70,70]
[9][6,(2, 2),6,E,4,69,69]
[12][7,(2, 3),9,E,5,68,68]
[16][8,(2, 4),12,E,6,67,67]
[20][9,(3, 4),16,S,7,66,66]
[23][11,(3, 5),20,E,8,65,65]
[26][12,(3, 6),23,E,9,64,64]
[30][15,(3, 7),26,E,10,63,63]
[33][16,(3, 8),30,E,11,62,62]
[37][20,(3, 9),33,E,12,61,61]
[41][23,(3, 10),37,E,13,60,60]
[45][27,(4, 10),41,S,14,59,59]
[48][28,(4, 11),45,E,15,58,58]
[52][29,(5, 11),48,S,16,57,57]
[55][32,(5, 12),52,E,17,56,56]
[59][33,(5, 13),55,E,18,55,55]
[63][37,(6, 13),59,S,19,54,54]
[66][40,(6, 14),63,E,20,53,53]
[70][43,(6, 15),66,E,21,52,52]
[73][45,(6, 16),70,E,22,51,51]
[76][46,(7, 16),73,S,23,50,50]
[79][50,(7, 17),76,E,24,49,49]
[83][53,(8, 17),79,S,25,48,48]
[86][55,(8, 18),83,E,26,47,47]
[89][58,(8, 19),86,E,27,46,46]
[93][62,(8, 20),89,E,28,45,45]
[97][66,(8, 21),93,E,29,44,44]
[101][67,(8, 22),97,E,30,43,43]
[104][68,(8, 23),101,E,31,42,42]
[109][70,(9, 23),104,S,32,41,41]
[115][72,(10, 23),109,S,33,40,40]
[119][73,(10, 24),115,E,34,39,39]
[122][74,(10, 25),119,E,35,38,38]
[125][75,(10, 26),122,E,36,37,37]
[129][78,(10, 27),125,E,37,36,36]
[133][79,(10, 28),129,E,38,35,35]
[136][80,(10, 29),133,E,39,34,34]
[140][81,(11, 29),136,S,40,33,33]
[143][84,(11, 30),140,E,41,32,32]
[147][86,(11, 31),143,E,42,31,31]
[150][89,(11, 32),147,E,43,30,30]
[154][90,(12, 32),150,S,44,29,29]
[157][91,(12, 33),154,E,45,28,28]
[160][94,(12, 34),157,E,46,27,27]
[164][95,(12, 35),160,E,47,26,26]
[168][96,(12, 36),164,E,48,25,25]
[171][97,(12, 37),168,E,49,24,24]
[175][98,(12, 38),171,E,50,23,23]
[178][100,(12, 39),175,E,51,22,22]
[182][103,(12, 40),178,E,52,21,21]
[186][104,(12, 41),182,E,53,20,20]
[190][105,(12, 42),186,E,54,19,19]
[194][107,(12, 43),190,E,55,18,18]
[198][108,(12, 44),194,E,56,17,17]
[202][112,(13, 44),198,S,57,16,16]
[205][115,(13, 45),202,E,58,15,15]
[208][118,(14, 45),205,S,59,14,14]
[211][119,(14, 46),208,E,60,13,13]
[215][121,(14, 47),211,E,61,12,12]
[219][122,(14, 48),215,E,62,11,11]
[224][126,(15, 48),219,S,63,10,10]
[229][127,(15, 49),224,E,64,9,9]
[232][130,(16, 49),229,S,65,8,8]
[235][132,(17, 49),232,S,66,7,7]
[238][134,(18, 49),235,S,67,6,6]
[241][136,(18, 48),238,O,68,7,7]
[243][139,(19, 48),241,S,69,6,6]
[247][140,(20, 48),243,S,70,5,5]
[252][143,(21, 48),247,S,71,4,4]
[257][144,(22, 48),252,S,72,3,3]
[261][146,(23, 48),257,S,73,2,2]
[264][147,(24, 48),261,S,74,1,1]
[269][149,(24, 49),264,E,75,0,0]