[id][cost,state,father_id,action,depth,h,value]
[0][0,(0, 0),None,None,0,73,1.0]
[1][3,(0, 1),0,E,1,72,0.5]
[3][7,(0, 2),1,E,2,71,0.3333333333333333]
[5][10,(0, 3),3,E,3,70,0.25]
[7][11,(0, 4),5,E,4,69,0.2]
[10][12,(0, 5),7,E,5,68,0.16666666666666666]
[13][13,(0, 6),10,E,6,67,0.14285714285714285]
[16][14,(0, 7),13,E,7,66,0.125]
[19][15,(0, 8),16,E,8,65,0.1111111111111111]
[21][18,(0, 9),19,E,9,64,0.1]
[23][22,(0, 10),21,E,10,63,0.09090909090909091]
[26][25,(1, 10),23,S,11,62,0.08333333333333333]
[29][26,(1, 11),26,E,12,61,0.07692307692307693]
[31][27,(0, 11),29,N,13,62,0.07142857142857142]
[35][28,(0, 12),31,E,14,61,0.06666666666666667]
[37][29,(0, 13),35,E,15,60,0.0625]
[40][33,(0, 14),37,E,16,59,0.058823529411764705]
[42][35,(0, 15),40,E,17,58,0.05555555555555555]
[45][36,(1, 15),42,S,18,57,0.05263157894736842]
[50][37,(1, 14),45,O,19,58,0.05]
[54][38,(1, 13),50,O,20,59,0.047619047619047616]
[56][39,(2, 13),54,S,21,58,0.045454545454545456]
[59][40,(2, 12),56,O,22,59,0.043478260869565216]
[61][42,(2, 11),59,O,23,60,0.041666666666666664]
[65][43,(2, 10),61,O,24,61,0.04]
[69][44,(2, 9),65,O,25,62,0.038461538461538464]
[70][45,(1, 9),69,N,26,63,0.037037037037037035]
[76][46,(1, 8),70,O,27,64,0.03571428571428571]
[79][49,(1, 7),76,O,28,65,0.034482758620689655]
[82][52,(1, 6),79,O,29,66,0.03333333333333333]
[85][56,(2, 6),82,S,30,65,0.03225806451612903]
[87][58,(2, 7),85,E,31,64,0.03125]
[90][59,(2, 8),87,E,32,63,0.030303030303030304]
[95][62,(3, 8),90,S,33,62,0.029411764705882353]
[98][65,(3, 9),95,E,34,61,0.02857142857142857]
[107][67,(4, 9),98,S,35,60,0.027777777777777776]
[112][71,(4, 8),107,O,36,61,0.02702702702702703]
[116][72,(4, 7),112,O,37,62,0.02631578947368421]
[119][74,(4, 6),116,O,38,63,0.02564102564102564]
[122][77,(4, 5),119,O,39,64,0.025]
[123][78,(3, 5),122,N,40,65,0.024390243902439025]
[126][79,(2, 5),123,N,41,66,0.023809523809523808]
[129][80,(1, 5),126,N,42,67,0.023255813953488372]
[133][83,(1, 4),129,O,43,68,0.022727272727272728]
[137][85,(1, 3),133,O,44,69,0.022222222222222223]
[141][86,(1, 2),137,O,45,70,0.021739130434782608]
[144][87,(1, 1),141,O,46,71,0.02127659574468085]
[147][88,(1, 0),144,O,47,72,0.020833333333333332]
[150][90,(2, 0),147,S,48,71,0.02040816326530612]
[152][91,(2, 1),150,E,49,70,0.02]
[155][94,(2, 2),152,E,50,69,0.0196078431372549]
[160][98,(3, 2),155,S,51,68,0.019230769230769232]
[167][99,(3, 1),160,O,52,69,0.018867924528301886]
[170][100,(4, 1),167,S,53,68,0.018518518518518517]
[177][102,(4, 0),170,O,54,69,0.01818181818181818]
[179][103,(5, 0),177,S,55,68,0.017857142857142856]
[181][104,(5, 1),179,E,56,67,0.017543859649122806]
[184][105,(5, 2),181,E,57,66,0.017241379310344827]
[187][106,(6, 2),184,S,58,65,0.01694915254237288]
[192][107,(6, 1),187,O,59,66,0.016666666666666666]
[196][109,(6, 0),192,O,60,67,0.01639344262295082]
[199][110,(7, 0),196,S,61,66,0.016129032258064516]
[201][112,(7, 1),199,E,62,65,0.015873015873015872]
[204][113,(7, 2),201,E,63,64,0.015625]
[208][114,(7, 3),204,E,64,63,0.015384615384615385]
[211][117,(6, 3),208,N,65,64,0.015151515151515152]
[215][118,(6, 4),211,E,66,63,0.014925373134328358]
[218][122,(5, 4),215,N,67,64,0.014705882352941176]
[221][126,(5, 5),218,E,68,63,0.014492753623188406]
[242][129,(6, 5),221,S,69,62,0.014285714285714285]
[245][130,(6, 6),242,E,70,61,0.014084507042253521]
[248][131,(6, 7),245,E,71,60,0.013888888888888888]
[256][132,(6, 8),248,E,72,59,0.0136986301369863]
[259][133,(5, 8),256,N,73,60,0.013513513513513514]
[263][135,(5, 9),259,E,74,59,0.013333333333333334]
[266][137,(5, 10),263,E,75,58,0.013157894736842105]
[269][138,(5, 11),266,E,76,57,0.012987012987012988]
[272][139,(5, 12),269,E,77,56,0.01282051282051282]
[274][142,(4, 12),272,N,78,57,0.012658227848101266]
[280][146,(4, 11),274,O,79,58,0.0125]
[281][147,(3, 11),280,N,80,59,0.012345679012345678]
[285][148,(3, 12),281,E,81,58,0.012195121951219513]
[294][152,(3, 13),285,E,82,57,0.012048192771084338]
[297][156,(4, 13),294,S,83,56,0.011904761904761904]
[300][159,(4, 14),297,E,84,55,0.011764705882352941]
[303][160,(5, 14),300,S,85,54,0.011627906976744186]
[308][161,(5, 13),303,O,86,55,0.011494252873563218]
[311][164,(6, 13),308,S,87,54,0.011363636363636364]
[316][167,(6, 12),311,O,88,55,0.011235955056179775]
[319][168,(6, 11),316,O,89,56,0.011111111111111112]
[322][171,(6, 10),319,O,90,57,0.01098901098901099]
[326][172,(6, 9),322,O,91,58,0.010869565217391304]
[329][174,(7, 9),326,S,92,57,0.010752688172043012]
[332][178,(7, 10),329,E,93,56,0.010638297872340425]
[337][179,(7, 11),332,E,94,55,0.010526315789473684]
[342][180,(8, 11),337,S,95,54,0.010416666666666666]
[348][182,(8, 10),342,O,96,55,0.010309278350515464]
[352][183,(8, 9),348,O,97,56,0.01020408163265306]
[356][184,(8, 8),352,O,98,57,0.010101010101010102]
[358][185,(8, 7),356,O,99,58,0.01]
[362][188,(8, 6),358,O,100,59,0.009900990099009901]
[365][192,(7, 6),362,N,101,60,0.00980392156862745]
[371][195,(7, 5),365,O,102,61,0.009708737864077669]
[375][198,(7, 4),371,O,103,62,0.009615384615384616]
[377][199,(8, 4),375,S,104,61,0.009523809523809525]
[380][201,(8, 5),377,E,105,60,0.009433962264150943]
[384][202,(9, 5),380,S,106,59,0.009345794392523364]
[387][204,(9, 6),384,E,107,58,0.009259259259259259]
[390][205,(9, 7),387,E,108,57,0.009174311926605505]
[394][206,(9, 8),390,E,109,56,0.00909090909090909]
[396][210,(9, 9),394,E,110,55,0.009009009009009009]
[400][211,(9, 10),396,E,111,54,0.008928571428571428]
[403][214,(9, 11),400,E,112,53,0.008849557522123894]
[407][215,(9, 12),403,E,113,52,0.008771929824561403]
[411][216,(10, 12),407,S,114,51,0.008695652173913044]
[418][217,(10, 11),411,O,115,52,0.008620689655172414]
[422][221,(10, 10),418,O,116,53,0.008547008547008548]
[426][223,(10, 9),422,O,117,54,0.00847457627118644]
[428][224,(10, 8),426,O,118,55,0.008403361344537815]
[432][227,(10, 7),428,O,119,56,0.008333333333333333]
[435][230,(10, 6),432,O,120,57,0.008264462809917356]
[439][234,(10, 5),435,O,121,58,0.00819672131147541]
[443][236,(10, 4),439,O,122,59,0.008130081300813009]
[444][239,(9, 4),443,N,123,60,0.008064516129032258]
[449][240,(9, 3),444,O,124,61,0.008]
[450][241,(8, 3),449,N,125,62,0.007936507936507936]
[456][242,(8, 2),450,O,126,63,0.007874015748031496]
[460][243,(8, 1),456,O,127,64,0.0078125]
[464][244,(8, 0),460,O,128,65,0.007751937984496124]
[467][246,(9, 0),464,S,129,64,0.007692307692307693]
[469][247,(9, 1),467,E,130,63,0.007633587786259542]
[472][251,(10, 1),469,S,131,62,0.007575757575757576]
[477][252,(10, 0),472,O,132,63,0.007518796992481203]
[480][256,(11, 0),477,S,133,62,0.007462686567164179]
[482][260,(11, 1),480,E,134,61,0.007407407407407408]
[485][261,(11, 2),482,E,135,60,0.007352941176470588]
[488][264,(10, 2),485,N,136,61,0.0072992700729927005]
[492][265,(10, 3),488,E,137,60,0.007246376811594203]
[497][266,(11, 3),492,S,138,59,0.007194244604316547]
[500][267,(11, 4),497,E,139,58,0.007142857142857143]
[503][269,(11, 5),500,E,140,57,0.0070921985815602835]
[507][270,(11, 6),503,E,141,56,0.007042253521126761]
[511][273,(11, 7),507,E,142,55,0.006993006993006993]
[514][274,(11, 8),511,E,143,54,0.006944444444444444]
[518][275,(12, 8),514,S,144,53,0.006896551724137931]
[521][278,(12, 9),518,E,145,52,0.00684931506849315]
[523][279,(11, 9),521,N,146,53,0.006802721088435374]
[527][280,(11, 10),523,E,147,52,0.006756756756756757]
[530][281,(11, 11),527,E,148,51,0.006711409395973154]
[534][282,(11, 12),530,E,149,50,0.006666666666666667]
[538][283,(11, 13),534,E,150,49,0.006622516556291391]
[541][284,(10, 13),538,N,151,50,0.006578947368421052]
[544][288,(9, 13),541,N,152,51,0.006535947712418301]
[548][291,(8, 13),544,N,153,52,0.006493506493506494]
[552][294,(8, 14),548,E,154,51,0.0064516129032258064]
[556][296,(7, 14),552,N,155,52,0.00641025641025641]
[559][297,(6, 14),556,N,156,53,0.006369426751592357]
[563][299,(6, 15),559,E,157,52,0.006329113924050633]
[566][300,(5, 15),563,N,158,53,0.006289308176100629]
[568][304,(5, 16),566,E,159,52,0.00625]
[571][305,(4, 16),568,N,160,53,0.006211180124223602]
[575][307,(3, 16),571,N,161,54,0.006172839506172839]
[579][308,(2, 16),575,N,162,55,0.006134969325153374]
[583][311,(1, 16),579,N,163,56,0.006097560975609756]
[587][314,(0, 16),583,N,164,57,0.006060606060606061]
[591][315,(0, 17),587,E,165,56,0.006024096385542169]
[593][316,(0, 18),591,E,166,55,0.005988023952095809]
[596][317,(0, 19),593,E,167,54,0.005952380952380952]
[599][319,(0, 20),596,E,168,53,0.005917159763313609]
[602][321,(0, 21),599,E,169,52,0.0058823529411764705]
[605][323,(0, 22),602,E,170,51,0.005847953216374269]
[608][324,(1, 22),605,S,171,50,0.005813953488372093]
[613][325,(1, 21),608,O,172,51,0.005780346820809248]
[616][326,(1, 20),613,O,173,52,0.005747126436781609]
[620][327,(1, 19),616,O,174,53,0.005714285714285714]
[623][331,(1, 18),620,O,175,54,0.005681818181818182]
[626][334,(1, 17),623,O,176,55,0.005649717514124294]
[629][338,(2, 17),626,S,177,54,0.0056179775280898875]
[632][341,(2, 18),629,E,178,53,0.00558659217877095]
[635][342,(2, 19),632,E,179,52,0.005555555555555556]
[637][343,(2, 20),635,E,180,51,0.0055248618784530384]
[641][345,(2, 21),637,E,181,50,0.005494505494505495]
[644][346,(2, 22),641,E,182,49,0.00546448087431694]
[648][349,(3, 22),644,S,183,48,0.005434782608695652]
[653][352,(3, 21),648,O,184,49,0.005405405405405406]
[656][354,(4, 21),653,S,185,48,0.005376344086021506]
[662][355,(4, 20),656,O,186,49,0.0053475935828877]
[665][358,(4, 19),662,O,187,50,0.005319148936170213]
[669][362,(4, 18),665,O,188,51,0.005291005291005291]
[672][365,(3, 18),669,N,189,52,0.005263157894736842]
[677][366,(3, 17),672,O,190,53,0.005235602094240838]
[680][369,(4, 17),677,S,191,52,0.005208333333333333]
[684][370,(5, 17),680,S,192,51,0.0051813471502590676]
[687][373,(5, 18),684,E,193,50,0.005154639175257732]
[690][376,(5, 19),687,E,194,49,0.005128205128205128]
[693][379,(6, 19),690,S,195,48,0.00510204081632653]
[698][380,(6, 18),693,O,196,49,0.005076142131979695]
[700][384,(6, 17),698,O,197,50,0.005050505050505051]
[703][385,(6, 16),700,O,198,51,0.005025125628140704]
[706][387,(7, 16),703,S,199,50,0.005]
[709][388,(7, 15),706,O,200,51,0.004975124378109453]
[711][391,(8, 15),709,S,201,50,0.0049504950495049506]
[714][392,(8, 16),711,E,202,49,0.0049261083743842365]
[717][395,(8, 17),714,E,203,48,0.004901960784313725]
[720][396,(7, 17),717,N,204,49,0.004878048780487805]
[724][398,(7, 18),720,E,205,48,0.0048543689320388345]
[726][400,(8, 18),724,S,206,47,0.004830917874396135]
[729][401,(8, 19),726,E,207,46,0.004807692307692308]
[732][403,(8, 20),729,E,208,45,0.004784688995215311]
[737][404,(7, 20),732,N,209,46,0.004761904761904762]
[741][405,(7, 21),737,E,210,45,0.004739336492890996]
[743][406,(6, 21),741,N,211,46,0.0047169811320754715]
[747][408,(5, 21),743,N,212,47,0.004694835680751174]
[752][409,(5, 22),747,E,213,46,0.004672897196261682]
[754][410,(6, 22),752,S,214,45,0.004651162790697674]
[757][413,(6, 23),754,E,215,44,0.004629629629629629]
[761][416,(7, 23),757,S,216,43,0.004608294930875576]
[793][418,(7, 24),761,E,217,42,0.0045871559633027525]
[799][419,(8, 24),793,S,218,41,0.0045662100456621]
[803][420,(8, 23),799,O,219,42,0.004545454545454545]
[807][421,(8, 22),803,O,220,43,0.004524886877828055]
[809][422,(8, 21),807,O,221,44,0.0045045045045045045]
[812][425,(9, 21),809,S,222,43,0.004484304932735426]
[816][426,(9, 20),812,O,223,44,0.004464285714285714]
[820][427,(9, 19),816,O,224,45,0.0044444444444444444]
[824][428,(9, 18),820,O,225,46,0.004424778761061947]
[828][432,(9, 17),824,O,226,47,0.004405286343612335]
[832][436,(9, 16),828,O,227,48,0.0043859649122807015]
[835][437,(10, 16),832,S,228,47,0.004366812227074236]
[839][438,(10, 15),835,O,229,48,0.004347826086956522]
[840][441,(9, 15),839,N,230,49,0.004329004329004329]
[845][442,(9, 14),840,O,231,50,0.004310344827586207]
[847][443,(10, 14),845,S,232,49,0.004291845493562232]
[851][444,(11, 14),847,S,233,48,0.004273504273504274]
[854][445,(12, 14),851,S,234,47,0.00425531914893617]
[858][446,(12, 13),854,O,235,48,0.00423728813559322]
[862][447,(12, 12),858,O,236,49,0.004219409282700422]
[866][449,(12, 11),862,O,237,50,0.004201680672268907]
[870][451,(12, 10),866,O,238,51,0.0041841004184100415]
[873][452,(13, 10),870,S,239,50,0.004166666666666667]
[877][453,(14, 10),873,S,240,49,0.004149377593360996]
[883][454,(14, 9),877,O,241,50,0.004132231404958678]
[886][455,(14, 8),883,O,242,51,0.00411522633744856]
[887][458,(13, 8),886,N,243,52,0.004098360655737705]
[893][459,(13, 7),887,O,244,53,0.004081632653061225]
[896][460,(13, 6),893,O,245,54,0.0040650406504065045]
[897][461,(12, 6),896,N,246,55,0.004048582995951417]
[903][464,(12, 5),897,O,247,56,0.004032258064516129]
[907][467,(12, 4),903,O,248,57,0.004016064257028112]
[910][471,(12, 3),907,O,249,58,0.004]
[913][474,(12, 2),910,O,250,59,0.00398406374501992]
[917][478,(12, 1),913,O,251,60,0.003968253968253968]
[921][479,(12, 0),917,O,252,61,0.003952569169960474]
[924][483,(13, 0),921,S,253,60,0.003937007874015748]
[926][484,(14, 0),924,S,254,59,0.00392156862745098]
[928][485,(14, 1),926,E,255,58,0.00390625]
[932][488,(15, 1),928,S,256,57,0.0038910505836575876]
[955][491,(15, 2),932,E,257,56,0.003875968992248062]
[960][492,(15, 3),955,E,258,55,0.003861003861003861]
[963][493,(15, 4),960,E,259,54,0.0038461538461538464]
[966][496,(15, 5),963,E,260,53,0.0038314176245210726]
[968][498,(14, 5),966,N,261,54,0.003816793893129771]
[971][501,(14, 6),968,E,262,53,0.0038022813688212928]
[976][502,(14, 7),971,E,263,52,0.003787878787878788]
[981][503,(15, 7),976,S,264,51,0.0037735849056603774]
[986][505,(15, 6),981,O,265,52,0.0037593984962406013]
[989][506,(16, 6),986,S,266,51,0.003745318352059925]
[993][507,(16, 5),989,O,267,52,0.0037313432835820895]
[996][509,(17, 5),993,S,268,51,0.0037174721189591076]
[998][511,(17, 4),996,O,269,52,0.003703703703703704]
[999][514,(16, 4),998,N,270,53,0.0036900369003690036]
[1004][515,(16, 3),999,O,271,54,0.003676470588235294]
[1008][519,(16, 2),1004,O,272,55,0.003663003663003663]
[1012][522,(16, 1),1008,O,273,56,0.0036496350364963502]
[1016][523,(16, 0),1012,O,274,57,0.0036363636363636364]
[1018][527,(17, 0),1016,S,275,56,0.0036231884057971015]
[1020][529,(18, 0),1018,S,276,55,0.0036101083032490976]
[1022][532,(18, 1),1020,E,277,54,0.0035971223021582736]
[1023][534,(17, 1),1022,N,278,55,0.0035842293906810036]
[1027][538,(17, 2),1023,E,279,54,0.0035714285714285713]
[1030][540,(17, 3),1027,E,280,53,0.0035587188612099642]
[1035][544,(18, 3),1030,S,281,52,0.0035460992907801418]
[1039][546,(18, 2),1035,O,282,53,0.0035335689045936395]
[1042][547,(19, 2),1039,S,283,52,0.0035211267605633804]
[1044][550,(19, 3),1042,E,284,51,0.0035087719298245615]
[1047][551,(19, 4),1044,E,285,50,0.0034965034965034965]
[1050][554,(20, 4),1047,S,286,49,0.003484320557491289]
[1053][555,(20, 5),1050,E,287,48,0.003472222222222222]
[1058][556,(19, 5),1053,N,288,49,0.0034602076124567475]
[1063][557,(19, 6),1058,E,289,48,0.0034482758620689655]
[1069][561,(18, 6),1063,N,290,49,0.003436426116838488]
[1073][564,(18, 7),1069,E,291,48,0.003424657534246575]
[1076][566,(18, 8),1073,E,292,47,0.0034129692832764505]
[1082][570,(17, 8),1076,N,293,48,0.003401360544217687]
[1086][573,(17, 9),1082,E,294,47,0.003389830508474576]
[1088][577,(16, 9),1086,N,295,48,0.0033783783783783786]
[1092][578,(15, 9),1088,N,296,49,0.003367003367003367]
[1096][582,(15, 10),1092,E,297,48,0.003355704697986577]
[1099][584,(15, 11),1096,E,298,47,0.0033444816053511705]
[1102][586,(14, 11),1099,N,299,48,0.0033333333333333335]
[1106][587,(14, 12),1102,E,300,47,0.0033222591362126247]
[1109][590,(13, 12),1106,N,301,48,0.0033112582781456954]
[1114][594,(13, 13),1109,E,302,47,0.0033003300330033004]
[1117][595,(13, 14),1114,E,303,46,0.003289473684210526]
[1120][597,(13, 15),1117,E,304,45,0.003278688524590164]
[1123][598,(12, 15),1120,N,305,46,0.0032679738562091504]
[1128][599,(12, 16),1123,E,306,45,0.003257328990228013]
[1133][601,(11, 16),1128,N,307,46,0.003246753246753247]
[1138][602,(11, 17),1133,E,308,45,0.003236245954692557]
[1141][606,(11, 18),1138,E,309,44,0.0032258064516129032]
[1148][609,(11, 19),1141,E,310,43,0.003215434083601286]
[1152][610,(10, 19),1148,N,311,44,0.003205128205128205]
[1157][611,(10, 20),1152,E,312,43,0.003194888178913738]
[1160][612,(10, 21),1157,E,313,42,0.0031847133757961785]
[1163][615,(10, 22),1160,E,314,41,0.0031746031746031746]
[1165][618,(9, 22),1163,N,315,42,0.0031645569620253164]
[1169][619,(9, 23),1165,E,316,41,0.0031545741324921135]
[1173][621,(9, 24),1169,E,317,40,0.0031446540880503146]
[1177][623,(10, 24),1173,S,318,39,0.003134796238244514]
[1181][624,(10, 23),1177,O,319,40,0.003125]
[1184][625,(11, 23),1181,S,320,39,0.003115264797507788]
[1187][626,(11, 22),1184,O,321,40,0.003105590062111801]
[1191][628,(11, 21),1187,O,322,41,0.0030959752321981426]
[1194][631,(11, 20),1191,O,323,42,0.0030864197530864196]
[1197][634,(12, 20),1194,S,324,41,0.003076923076923077]
[1202][638,(12, 19),1197,O,325,42,0.003067484662576687]
[1206][640,(12, 18),1202,O,326,43,0.0030581039755351682]
[1208][644,(12, 17),1206,O,327,44,0.003048780487804878]
[1211][648,(13, 17),1208,S,328,43,0.00303951367781155]
[1215][649,(13, 16),1211,O,329,44,0.0030303030303030303]
[1218][650,(14, 16),1215,S,330,43,0.0030211480362537764]
[1221][652,(14, 17),1218,E,331,42,0.0030120481927710845]
[1224][653,(14, 18),1221,E,332,41,0.003003003003003003]
[1227][654,(13, 18),1224,N,333,42,0.0029940119760479044]
[1230][658,(13, 19),1227,E,334,41,0.0029850746268656717]
[1233][659,(13, 20),1230,E,335,40,0.002976190476190476]
[1237][660,(13, 21),1233,E,336,39,0.002967359050445104]
[1240][662,(12, 21),1237,N,337,40,0.0029585798816568047]
[1244][663,(12, 22),1240,E,338,39,0.0029498525073746312]
[1248][666,(13, 22),1244,S,339,38,0.0029411764705882353]
[1251][667,(13, 23),1248,E,340,37,0.002932551319648094]
[1254][669,(13, 24),1251,E,341,36,0.0029239766081871343]
[1259][671,(14, 24),1254,S,342,35,0.0029154518950437317]
[1267][674,(14, 23),1259,O,343,36,0.0029069767441860465]
[1271][675,(14, 22),1267,O,344,37,0.002898550724637681]
[1275][676,(14, 21),1271,O,345,38,0.002890173410404624]
[1278][679,(15, 21),1275,S,346,37,0.002881844380403458]
[1282][681,(15, 20),1278,O,347,38,0.0028735632183908046]
[1284][682,(16, 20),1282,S,348,37,0.0028653295128939827]
[1286][684,(16, 21),1284,E,349,36,0.002857142857142857]
[1289][685,(16, 22),1286,E,350,35,0.002849002849002849]
[1291][687,(16, 23),1289,E,351,34,0.002840909090909091]
[1294][691,(16, 24),1291,E,352,33,0.0028328611898017]
[1297][694,(17, 24),1294,S,353,32,0.002824858757062147]
[1300][697,(18, 24),1297,S,354,31,0.0028169014084507044]
[1306][698,(18, 23),1300,O,355,32,0.0028089887640449437]
[1309][700,(18, 22),1306,O,356,33,0.0028011204481792717]
[1310][701,(17, 22),1309,N,357,34,0.002793296089385475]
[1316][702,(17, 21),1310,O,358,35,0.002785515320334262]
[1318][706,(18, 21),1316,S,359,34,0.002777777777777778]
[1322][707,(18, 20),1318,O,360,35,0.002770083102493075]
[1323][708,(17, 20),1322,N,361,36,0.0027624309392265192]
[1329][712,(17, 19),1323,O,362,37,0.0027548209366391185]
[1331][713,(17, 18),1329,O,363,38,0.0027472527472527475]
[1332][715,(16, 18),1331,N,364,39,0.0027397260273972603]
[1336][717,(15, 18),1332,N,365,40,0.00273224043715847]
[1342][720,(15, 17),1336,O,366,41,0.0027247956403269754]
[1345][721,(15, 16),1342,O,367,42,0.002717391304347826]
[1348][725,(16, 16),1345,S,368,41,0.0027100271002710027]
[1352][726,(16, 15),1348,O,369,42,0.002702702702702703]
[1353][727,(15, 15),1352,N,370,43,0.0026954177897574125]
[1357][730,(14, 15),1353,N,371,44,0.002688172043010753]
[1361][733,(14, 14),1357,O,372,45,0.002680965147453083]
[1365][736,(14, 13),1361,O,373,46,0.00267379679144385]
[1367][737,(15, 13),1365,S,374,45,0.0026666666666666666]
[1370][738,(16, 13),1367,S,375,44,0.0026595744680851063]
[1378][741,(16, 12),1370,O,376,45,0.002652519893899204]
[1381][742,(16, 11),1378,O,377,46,0.0026455026455026454]
[1384][743,(17, 11),1381,S,378,45,0.002638522427440633]
[1387][745,(17, 10),1384,O,379,46,0.002631578947368421]
[1390][746,(18, 10),1387,S,380,45,0.0026246719160104987]
[1397][748,(18, 9),1390,O,381,46,0.002617801047120419]
[1400][749,(19, 9),1397,S,382,45,0.0026109660574412533]
[1405][751,(19, 8),1400,O,383,46,0.0026041666666666665]
[1409][752,(19, 7),1405,O,384,47,0.0025974025974025974]
[1411][756,(20, 7),1409,S,385,46,0.0025906735751295338]
[1416][758,(20, 6),1411,O,386,47,0.002583979328165375]
[1419][759,(21, 6),1416,S,387,46,0.002577319587628866]
[1424][761,(21, 5),1419,O,388,47,0.002570694087403599]
[1428][762,(21, 4),1424,O,389,48,0.002564102564102564]
[1432][763,(21, 3),1428,O,390,49,0.0025575447570332483]
[1435][764,(21, 2),1432,O,391,50,0.002551020408163265]
[1439][765,(21, 1),1435,O,392,51,0.002544529262086514]
[1445][768,(21, 0),1439,O,393,52,0.0025380710659898475]
[1449][769,(22, 0),1445,S,394,51,0.002531645569620253]
[1454][770,(22, 1),1449,E,395,50,0.0025252525252525255]
[1457][772,(22, 2),1454,E,396,49,0.0025188916876574307]
[1461][776,(22, 3),1457,E,397,48,0.002512562814070352]
[1465][777,(22, 4),1461,E,398,47,0.002506265664160401]
[1469][778,(22, 5),1465,E,399,46,0.0025]
[1473][779,(22, 6),1469,E,400,45,0.0024937655860349127]
[1477][780,(22, 7),1473,E,401,44,0.0024875621890547263]
[1481][783,(22, 8),1477,E,402,43,0.0024813895781637717]
[1487][787,(22, 9),1481,E,403,42,0.0024752475247524753]
[1489][789,(21, 9),1487,N,404,43,0.0024691358024691358]
[1492][790,(21, 10),1489,E,405,42,0.0024630541871921183]
[1501][791,(21, 11),1492,E,406,41,0.002457002457002457]
[1507][793,(20, 11),1501,N,407,42,0.0024509803921568627]
[1511][795,(20, 12),1507,E,408,41,0.0024449877750611247]
[1513][796,(20, 13),1511,E,409,40,0.0024390243902439024]
[1516][797,(19, 13),1513,N,410,41,0.0024330900243309003]
[1520][799,(18, 13),1516,N,411,42,0.0024271844660194173]
[1524][801,(17, 13),1520,N,412,43,0.002421307506053269]
[1529][802,(17, 14),1524,E,413,42,0.0024154589371980675]
[1553][803,(17, 15),1529,E,414,41,0.0024096385542168677]
[1563][804,(17, 16),1553,E,415,40,0.002403846153846154]
[1568][805,(18, 16),1563,S,416,39,0.002398081534772182]
[1577][806,(18, 17),1568,E,417,38,0.0023923444976076554]
[1582][807,(18, 18),1577,E,418,37,0.002386634844868735]
[1586][808,(18, 19),1582,E,419,36,0.002380952380952381]
[1590][811,(19, 19),1586,S,420,35,0.0023752969121140144]
[1593][812,(19, 20),1590,E,421,34,0.002369668246445498]
[1595][813,(19, 21),1593,E,422,33,0.002364066193853428]
[1598][814,(19, 22),1595,E,423,32,0.0023584905660377358]
[1602][815,(20, 22),1598,S,424,31,0.002352941176470588]
[1606][818,(20, 21),1602,O,425,32,0.002347417840375587]
[1609][819,(21, 21),1606,S,426,31,0.00234192037470726]
[1613][822,(21, 20),1609,O,427,32,0.002336448598130841]
[1614][823,(20, 20),1613,N,428,33,0.002331002331002331]
[1619][825,(20, 19),1614,O,429,34,0.002325581395348837]
[1621][827,(21, 19),1619,S,430,33,0.002320185614849188]
[1625][830,(21, 18),1621,O,431,34,0.0023148148148148147]
[1626][831,(20, 18),1625,N,432,35,0.0023094688221709007]
[1632][832,(20, 17),1626,O,433,36,0.002304147465437788]
[1635][835,(19, 17),1632,N,434,37,0.0022988505747126436]
[1641][837,(19, 16),1635,O,435,38,0.0022935779816513763]
[1644][839,(20, 16),1641,S,436,37,0.002288329519450801]
[1649][840,(21, 16),1644,S,437,36,0.00228310502283105]
[1653][841,(21, 15),1649,O,438,37,0.002277904328018223]
[1654][842,(20, 15),1653,N,439,38,0.0022727272727272726]
[1658][845,(20, 14),1654,O,440,39,0.0022675736961451248]
[1661][846,(21, 14),1658,S,441,38,0.0022624434389140274]
[1671][847,(21, 13),1661,O,442,39,0.002257336343115124]
[1675][851,(21, 12),1671,O,443,40,0.0022522522522522522]
[1678][852,(22, 12),1675,S,444,39,0.0022471910112359553]
[1683][855,(22, 11),1678,O,445,40,0.002242152466367713]
[1686][859,(22, 10),1683,O,446,41,0.0022371364653243847]
[1688][861,(23, 10),1686,S,447,40,0.002232142857142857]
[1690][862,(23, 9),1688,O,448,41,0.0022271714922048997]
[1694][863,(23, 8),1690,O,449,42,0.0022222222222222222]
[1696][865,(24, 8),1694,S,450,41,0.0022172949002217295]
[1700][866,(24, 7),1696,O,451,42,0.0022123893805309734]
[1701][869,(23, 7),1700,N,452,43,0.002207505518763797]
[1707][871,(23, 6),1701,O,453,44,0.0022026431718061676]
[1711][872,(23, 5),1707,O,454,45,0.002197802197802198]
[1714][873,(23, 4),1711,O,455,46,0.0021929824561403508]
[1717][874,(24, 4),1714,S,456,45,0.002188183807439825]
[1721][875,(24, 3),1717,O,457,46,0.002183406113537118]
[1724][879,(25, 3),1721,S,458,45,0.002178649237472767]
[1733][880,(25, 4),1724,E,459,44,0.002173913043478261]
[1735][882,(25, 5),1733,E,460,43,0.0021691973969631237]
[1738][883,(25, 6),1735,E,461,42,0.0021645021645021645]
[1742][887,(25, 7),1738,E,462,41,0.0021598272138228943]
[1752][890,(25, 8),1742,E,463,40,0.0021551724137931034]
[1756][893,(25, 9),1752,E,464,39,0.002150537634408602]
[1758][894,(24, 9),1756,N,465,40,0.002145922746781116]
[1763][898,(24, 10),1758,E,466,39,0.0021413276231263384]
[1766][901,(24, 11),1763,E,467,38,0.002136752136752137]
[1769][905,(23, 11),1766,N,468,39,0.0021321961620469083]
[1772][907,(23, 12),1769,E,469,38,0.002127659574468085]
[1775][908,(23, 13),1772,E,470,37,0.0021231422505307855]
[1779][909,(24, 13),1775,S,471,36,0.00211864406779661]
[1785][912,(24, 12),1779,O,472,37,0.0021141649048625794]
[1788][915,(25, 12),1785,S,473,36,0.002109704641350211]
[1792][918,(25, 11),1788,O,474,37,0.002105263157894737]
[1796][921,(25, 10),1792,O,475,38,0.0021008403361344537]
[1799][923,(26, 10),1796,S,476,37,0.0020964360587002098]
[1804][924,(26, 9),1799,O,477,38,0.0020920502092050207]
[1807][925,(27, 9),1804,S,478,37,0.0020876826722338203]
[1811][928,(27, 8),1807,O,479,38,0.0020833333333333333]
[1812][929,(26, 8),1811,N,480,39,0.002079002079002079]
[1816][930,(26, 7),1812,O,481,40,0.002074688796680498]
[1819][932,(27, 7),1816,S,482,39,0.002070393374741201]
[1822][933,(27, 6),1819,O,483,40,0.002066115702479339]
[1824][937,(27, 5),1822,O,484,41,0.002061855670103093]
[1825][940,(26, 5),1824,N,485,42,0.00205761316872428]
[1831][943,(26, 4),1825,O,486,43,0.002053388090349076]
[1835][946,(26, 3),1831,O,487,44,0.0020491803278688526]
[1838][949,(26, 2),1835,O,488,45,0.002044989775051125]
[1839][950,(25, 2),1838,N,489,46,0.0020408163265306124]
[1844][952,(25, 1),1839,O,490,47,0.002036659877800407]
[1845][956,(24, 1),1844,N,491,48,0.0020325203252032522]
[1851][957,(24, 0),1845,O,492,49,0.002028397565922921]
[1856][958,(25, 0),1851,S,493,48,0.0020242914979757085]
[1861][959,(26, 0),1856,S,494,47,0.00202020202020202]
[1863][960,(26, 1),1861,E,495,46,0.0020161290322580645]
[1867][961,(27, 1),1863,S,496,45,0.002012072434607646]
[1871][964,(27, 0),1867,O,497,46,0.002008032128514056]
[1874][967,(28, 0),1871,S,498,45,0.002004008016032064]
[1876][969,(28, 1),1874,E,499,44,0.002]
[1879][971,(28, 2),1876,E,500,43,0.001996007984031936]
[1882][975,(27, 2),1879,N,501,44,0.00199203187250996]
[1887][976,(27, 3),1882,E,502,43,0.0019880715705765406]
[1891][980,(28, 3),1887,S,503,42,0.001984126984126984]
[1897][983,(28, 4),1891,E,504,41,0.0019801980198019802]
[1900][984,(28, 5),1897,E,505,40,0.001976284584980237]
[1904][985,(28, 6),1900,E,506,39,0.0019723865877712033]
[1907][986,(28, 7),1904,E,507,38,0.001968503937007874]
[1910][987,(28, 8),1907,E,508,37,0.0019646365422396855]
[1913][988,(28, 9),1910,E,509,36,0.00196078431372549]
[1917][991,(28, 10),1913,E,510,35,0.0019569471624266144]
[1921][992,(28, 11),1917,E,511,34,0.001953125]
[1927][996,(28, 12),1921,E,512,33,0.001949317738791423]
[1931][998,(27, 12),1927,N,513,34,0.0019455252918287938]
[1934][999,(26, 12),1931,N,514,35,0.001941747572815534]
[1938][1001,(26, 13),1934,E,515,34,0.001937984496124031]
[1944][1002,(25, 13),1938,N,516,35,0.0019342359767891683]
[1948][1005,(25, 14),1944,E,517,34,0.0019305019305019305]
[1951][1009,(24, 14),1948,N,518,35,0.0019267822736030828]
[1955][1011,(23, 14),1951,N,519,36,0.0019230769230769232]
[1958][1015,(22, 14),1955,N,520,37,0.0019193857965451055]
[1962][1016,(22, 15),1958,E,521,36,0.0019157088122605363]
[1965][1017,(22, 16),1962,E,522,35,0.0019120458891013384]
[1968][1020,(22, 17),1965,E,523,34,0.0019083969465648854]
[1971][1022,(22, 18),1968,E,524,33,0.0019047619047619048]
[1975][1023,(22, 19),1971,E,525,32,0.0019011406844106464]
[1979][1024,(22, 20),1975,E,526,31,0.0018975332068311196]
[1983][1025,(22, 21),1979,E,527,30,0.001893939393939394]
[1987][1026,(22, 22),1983,E,528,29,0.001890359168241966]
[1989][1028,(21, 22),1987,N,529,30,0.0018867924528301887]
[1992][1029,(21, 23),1989,E,530,29,0.0018832391713747645]
[1995][1030,(22, 23),1992,S,531,28,0.0018796992481203006]
[1998][1034,(22, 24),1995,E,532,27,0.001876172607879925]
[2000][1035,(23, 24),1998,S,533,26,0.0018726591760299626]
[2015][1036,(23, 23),2000,O,534,27,0.001869158878504673]
[2018][1040,(23, 22),2015,O,535,28,0.0018656716417910447]
[2021][1042,(23, 21),2018,O,536,29,0.00186219739292365]
[2024][1043,(23, 20),2021,O,537,30,0.0018587360594795538]
[2028][1044,(23, 19),2024,O,538,31,0.0018552875695732839]
[2032][1045,(23, 18),2028,O,539,32,0.001851851851851852]
[2036][1047,(23, 17),2032,O,540,33,0.0018484288354898336]
[2040][1048,(23, 16),2036,O,541,34,0.0018450184501845018]
[2044][1050,(23, 15),2040,O,542,35,0.001841620626151013]
[2046][1053,(24, 15),2044,S,543,34,0.001838235294117647]
[2049][1054,(24, 16),2046,E,544,33,0.001834862385321101]
[2052][1055,(24, 17),2049,E,545,32,0.0018315018315018315]
[2056][1059,(24, 18),2052,E,546,31,0.0018281535648994515]
[2060][1060,(24, 19),2056,E,547,30,0.0018248175182481751]
[2064][1062,(24, 20),2060,E,548,29,0.0018214936247723133]
[2068][1066,(24, 21),2064,E,549,28,0.0018181818181818182]
[2071][1068,(24, 22),2068,E,550,27,0.0018148820326678765]
[2075][1069,(24, 23),2071,E,551,26,0.0018115942028985507]
[2079][1070,(24, 24),2075,E,552,25,0.0018083182640144665]
[2083][1071,(25, 24),2079,S,553,24,0.0018050541516245488]
[2086][1072,(26, 24),2083,S,554,23,0.0018018018018018018]
[2089][1073,(26, 23),2086,O,555,24,0.0017985611510791368]
[2092][1076,(26, 22),2089,O,556,25,0.0017953321364452424]
[2094][1077,(26, 21),2092,O,557,26,0.0017921146953405018]
[2095][1080,(25, 21),2094,N,558,27,0.0017889087656529517]
[2101][1081,(25, 20),2095,O,559,28,0.0017857142857142857]
[2104][1084,(25, 19),2101,O,560,29,0.0017825311942959]
[2108][1087,(25, 18),2104,O,561,30,0.0017793594306049821]
[2112][1089,(25, 17),2108,O,562,31,0.0017761989342806395]
[2116][1090,(25, 16),2112,O,563,32,0.0017730496453900709]
[2119][1091,(25, 15),2116,O,564,33,0.0017699115044247787]
[2121][1093,(26, 15),2119,S,565,32,0.0017667844522968198]
[2124][1094,(26, 16),2121,E,566,31,0.001763668430335097]
[2129][1096,(26, 17),2124,E,567,30,0.0017605633802816902]
[2133][1097,(26, 18),2129,E,568,29,0.0017574692442882249]
[2137][1100,(26, 19),2133,E,569,28,0.0017543859649122807]
[2141][1102,(27, 19),2137,S,570,27,0.0017513134851138354]
[2149][1103,(27, 18),2141,O,571,28,0.0017482517482517483]
[2152][1104,(27, 17),2149,O,572,29,0.0017452006980802793]
[2156][1106,(27, 16),2152,O,573,30,0.0017421602787456446]
[2160][1108,(27, 15),2156,O,574,31,0.0017391304347826088]
[2162][1109,(28, 15),2160,S,575,30,0.001736111111111111]
[2165][1110,(28, 14),2162,O,576,31,0.0017331022530329288]
[2168][1112,(29, 14),2165,S,577,30,0.0017301038062283738]
[2174][1114,(29, 13),2168,O,578,31,0.0017271157167530224]
[2177][1117,(29, 12),2174,O,579,32,0.0017241379310344827]
[2181][1118,(29, 11),2177,O,580,33,0.0017211703958691911]
[2184][1119,(30, 11),2181,S,581,32,0.001718213058419244]
[2188][1122,(30, 10),2184,O,582,33,0.0017152658662092624]
[2189][1125,(29, 10),2188,N,583,34,0.0017123287671232876]
[2194][1126,(29, 9),2189,O,584,35,0.0017094017094017094]
[2198][1127,(29, 8),2194,O,585,36,0.0017064846416382253]
[2201][1131,(30, 8),2198,S,586,35,0.0017035775127768314]
[2205][1132,(30, 7),2201,O,587,36,0.0017006802721088435]
[2206][1133,(29, 7),2205,N,588,37,0.001697792869269949]
[2211][1135,(29, 6),2206,O,589,38,0.001694915254237288]
[2215][1136,(29, 5),2211,O,590,39,0.001692047377326565]
[2219][1137,(29, 4),2215,O,591,40,0.0016891891891891893]
[2222][1139,(29, 3),2219,O,592,41,0.0016863406408094434]
[2225][1140,(30, 3),2222,S,593,40,0.0016835016835016834]
[2227][1143,(30, 2),2225,O,594,41,0.0016806722689075631]
[2230][1147,(30, 1),2227,O,595,42,0.0016778523489932886]
[2231][1148,(29, 1),2230,N,596,43,0.0016750418760469012]
[2238][1152,(29, 0),2231,O,597,44,0.0016722408026755853]
[2241][1153,(30, 0),2238,S,598,43,0.001669449081803005]
[2244][1154,(31, 0),2241,S,599,42,0.0016666666666666668]
[2246][1155,(31, 1),2244,E,600,41,0.0016638935108153079]
[2249][1156,(31, 2),2246,E,601,40,0.0016611295681063123]
[2253][1157,(31, 3),2249,E,602,39,0.001658374792703151]
[2256][1159,(31, 4),2253,E,603,38,0.0016556291390728477]
[2259][1163,(30, 4),2256,N,604,39,0.001652892561983471]
[2262][1166,(30, 5),2259,E,605,38,0.0016501650165016502]
[2265][1170,(30, 6),2262,E,606,37,0.0016474464579901153]
[2269][1171,(31, 6),2265,S,607,36,0.001644736842105263]
[2272][1173,(31, 7),2269,E,608,35,0.0016420361247947454]
[2278][1174,(32, 7),2272,S,609,34,0.001639344262295082]
[2285][1176,(32, 8),2278,E,610,33,0.0016366612111292963]
[2287][1179,(32, 9),2285,E,611,32,0.0016339869281045752]
[2290][1180,(32, 10),2287,E,612,31,0.0016313213703099511]
[2292][1181,(31, 10),2290,N,613,32,0.0016286644951140066]
[2297][1182,(31, 11),2292,E,614,31,0.0016260162601626016]
[2300][1183,(31, 12),2297,E,615,30,0.0016233766233766235]
[2302][1184,(30, 12),2300,N,616,31,0.0016207455429497568]
[2306][1185,(30, 13),2302,E,617,30,0.0016181229773462784]
[2310][1186,(30, 14),2306,E,618,29,0.0016155088852988692]
[2314][1187,(30, 15),2310,E,619,28,0.0016129032258064516]
[2317][1189,(29, 15),2314,N,620,29,0.001610305958132045]
[2322][1192,(29, 16),2317,E,621,28,0.001607717041800643]
[2324][1193,(29, 17),2322,E,622,27,0.0016051364365971107]
[2327][1194,(28, 17),2324,N,623,28,0.0016025641025641025]
[2331][1195,(28, 18),2327,E,624,27,0.0016]
[2334][1197,(28, 19),2331,E,625,26,0.001597444089456869]
[2338][1198,(28, 20),2334,E,626,25,0.001594896331738437]
[2342][1199,(28, 21),2338,E,627,24,0.0015923566878980893]
[2347][1200,(27, 21),2342,N,628,25,0.001589825119236884]
[2351][1201,(27, 22),2347,E,629,24,0.0015873015873015873]
[2353][1204,(27, 23),2351,E,630,23,0.001584786053882726]
[2357][1205,(27, 24),2353,E,631,22,0.0015822784810126582]
[2361][1206,(28, 24),2357,S,632,21,0.001579778830963665]
[2365][1207,(28, 23),2361,O,633,22,0.0015772870662460567]
[2369][1210,(28, 22),2365,O,634,23,0.0015748031496062992]
[2372][1212,(29, 22),2369,S,635,22,0.0015723270440251573]
[2375][1213,(29, 23),2372,E,636,21,0.0015698587127158557]
[2378][1215,(29, 24),2375,E,637,20,0.001567398119122257]
[2382][1216,(30, 24),2378,S,638,19,0.001564945226917058]
[2386][1218,(30, 23),2382,O,639,20,0.0015625]
[2390][1220,(30, 22),2386,O,640,21,0.0015600624024961]
[2394][1221,(30, 21),2390,O,641,22,0.001557632398753894]
[2397][1223,(30, 20),2394,O,642,23,0.0015552099533437014]
[2400][1224,(29, 20),2397,N,643,24,0.0015527950310559005]
[2406][1228,(29, 19),2400,O,644,25,0.0015503875968992248]
[2410][1230,(29, 18),2406,O,645,26,0.0015479876160990713]
[2413][1234,(30, 18),2410,S,646,25,0.0015455950540958269]
[2417][1235,(30, 17),2413,O,647,26,0.0015432098765432098]
[2421][1236,(30, 16),2417,O,648,27,0.0015408320493066256]
[2424][1237,(31, 16),2421,S,649,26,0.0015384615384615385]
[2429][1238,(31, 15),2424,O,650,27,0.0015360983102918587]
[2433][1239,(31, 14),2429,O,651,28,0.0015337423312883436]
[2437][1240,(31, 13),2433,O,652,29,0.0015313935681470138]
[2440][1241,(32, 13),2437,S,653,28,0.0015290519877675841]
[2443][1242,(32, 14),2440,E,654,27,0.0015267175572519084]
[2450][1244,(32, 15),2443,E,655,26,0.001524390243902439]
[2454][1247,(32, 16),2450,E,656,25,0.0015220700152207]
[2458][1248,(32, 17),2454,E,657,24,0.001519756838905775]
[2460][1249,(31, 17),2458,N,658,25,0.0015174506828528073]
[2465][1253,(31, 18),2460,E,659,24,0.0015151515151515152]
[2469][1254,(31, 19),2465,E,660,23,0.0015128593040847202]
[2472][1255,(31, 20),2469,E,661,22,0.0015105740181268882]
[2475][1257,(31, 21),2472,E,662,21,0.0015082956259426848]
[2478][1258,(31, 22),2475,E,663,20,0.0015060240963855422]
[2482][1260,(31, 23),2478,E,664,19,0.0015037593984962407]
[2485][1261,(32, 23),2482,S,665,18,0.0015015015015015015]
[2490][1264,(32, 22),2485,O,666,19,0.0014992503748125937]
[2493][1265,(32, 21),2490,O,667,20,0.0014970059880239522]
[2497][1266,(32, 20),2493,O,668,21,0.0014947683109118087]
[2501][1267,(32, 19),2497,O,669,22,0.0014925373134328358]
[2503][1270,(33, 19),2501,S,670,21,0.0014903129657228018]
[2505][1273,(33, 20),2503,E,671,20,0.001488095238095238]
[2508][1274,(33, 21),2505,E,672,19,0.0014858841010401188]
[2512][1275,(34, 21),2508,S,673,18,0.001483679525222552]
[2517][1277,(34, 20),2512,O,674,19,0.0014814814814814814]
[2521][1281,(34, 19),2517,O,675,20,0.0014792899408284023]
[2525][1284,(34, 18),2521,O,676,21,0.0014771048744460858]
[2526][1287,(33, 18),2525,N,677,22,0.0014749262536873156]
[2532][1288,(33, 17),2526,O,678,23,0.0014727540500736377]
[2539][1289,(33, 16),2532,O,679,24,0.0014705882352941176]
[2542][1292,(33, 15),2539,O,680,25,0.0014684287812041115]
[2545][1295,(34, 15),2542,S,681,24,0.001466275659824047]
[2549][1297,(34, 14),2545,O,682,25,0.0014641288433382138]
[2550][1298,(33, 14),2549,N,683,26,0.0014619883040935672]
[2556][1299,(33, 13),2550,O,684,27,0.00145985401459854]
[2559][1300,(33, 12),2556,O,685,28,0.0014577259475218659]
[2561][1303,(34, 12),2559,S,686,27,0.001455604075691412]
[2565][1304,(34, 11),2561,O,687,28,0.0014534883720930232]
[2566][1307,(33, 11),2565,N,688,29,0.001451378809869376]
[2571][1310,(33, 10),2566,O,689,30,0.0014492753623188406]
[2575][1311,(33, 9),2571,O,690,31,0.001447178002894356]
[2578][1312,(33, 8),2575,O,691,32,0.001445086705202312]
[2581][1313,(33, 7),2578,O,692,33,0.001443001443001443]
[2585][1314,(33, 6),2581,O,693,34,0.001440922190201729]
[2586][1315,(32, 6),2585,N,694,35,0.0014388489208633094]
[2592][1316,(32, 5),2586,O,695,36,0.0014367816091954023]
[2594][1319,(33, 5),2592,S,696,35,0.0014347202295552368]
[2598][1320,(33, 4),2594,O,697,36,0.0014326647564469914]
[2599][1322,(32, 4),2598,N,698,37,0.001430615164520744]
[2604][1323,(32, 3),2599,O,699,38,0.0014285714285714286]
[2608][1326,(32, 2),2604,O,700,39,0.0014265335235378032]
[2612][1327,(32, 1),2608,O,701,40,0.0014245014245014246]
[2616][1328,(32, 0),2612,O,702,41,0.001422475106685633]
[2619][1330,(33, 0),2616,S,703,40,0.0014204545454545455]
[2622][1331,(34, 0),2619,S,704,39,0.0014184397163120568]
[2626][1332,(34, 1),2622,E,705,38,0.00141643059490085]
[2628][1335,(34, 2),2626,E,706,37,0.0014144271570014145]
[2632][1336,(34, 3),2628,E,707,36,0.0014124293785310734]
[2641][1338,(35, 3),2632,S,708,35,0.0014104372355430183]
[2646][1339,(35, 2),2641,O,709,36,0.0014084507042253522]
[2650][1342,(35, 1),2646,O,710,37,0.0014064697609001407]
[2653][1343,(35, 0),2650,O,711,38,0.0014044943820224719]
[2656][1345,(36, 0),2653,S,712,37,0.001402524544179523]
[2658][1347,(36, 1),2656,E,713,36,0.0014005602240896359]
[2659][1350,(36, 2),2658,E,714,35,0.0013986013986013986]
[2663][1353,(37, 2),2659,S,715,34,0.0013966480446927375]
[2668][1354,(37, 1),2663,O,716,35,0.001394700139470014]
[2671][1355,(37, 0),2668,O,717,36,0.001392757660167131]
[2673][1356,(38, 0),2671,S,718,35,0.0013908205841446453]
[2675][1358,(38, 1),2673,E,719,34,0.001388888888888889]
[2677][1359,(38, 2),2675,E,720,33,0.0013869625520110957]
[2681][1360,(38, 3),2677,E,721,32,0.0013850415512465374]
[2684][1361,(37, 3),2681,N,722,33,0.0013831258644536654]
[2688][1365,(36, 3),2684,N,723,34,0.0013812154696132596]
[2692][1366,(36, 4),2688,E,724,33,0.001379310344827586]
[2694][1367,(35, 4),2692,N,725,34,0.0013774104683195593]
[2699][1368,(35, 5),2694,E,726,33,0.001375515818431912]
[2704][1370,(34, 5),2699,N,727,34,0.0013736263736263737]
[2709][1371,(34, 6),2704,E,728,33,0.0013717421124828531]
[2712][1372,(35, 6),2709,S,729,32,0.0013698630136986301]
[2715][1376,(35, 7),2712,E,730,31,0.0013679890560875513]
[2719][1378,(36, 7),2715,S,731,30,0.001366120218579235]
[2742][1379,(36, 6),2719,O,732,31,0.001364256480218281]
[2746][1380,(36, 5),2742,O,733,32,0.0013623978201634877]
[2749][1381,(37, 5),2746,S,734,31,0.0013605442176870747]
[2754][1383,(37, 4),2749,O,735,32,0.001358695652173913]
[2757][1386,(38, 4),2754,S,736,31,0.0013568521031207597]
[2759][1388,(38, 5),2757,E,737,30,0.0013550135501355014]
[2763][1390,(38, 6),2759,E,738,29,0.0013531799729364006]
[2766][1393,(37, 6),2763,N,739,30,0.0013513513513513514]
[2771][1395,(37, 7),2766,E,740,29,0.001349527665317139]
[2774][1397,(37, 8),2771,E,741,28,0.0013477088948787063]
[2777][1398,(36, 8),2774,N,742,29,0.0013458950201884253]
[2781][1400,(36, 9),2777,E,743,28,0.0013440860215053765]
[2784][1401,(36, 10),2781,E,744,27,0.0013422818791946308]
[2787][1402,(36, 11),2784,E,745,26,0.0013404825737265416]
[2789][1403,(35, 11),2787,N,746,27,0.0013386880856760374]
[2794][1404,(35, 12),2789,E,747,26,0.001336898395721925]
[2797][1406,(35, 13),2794,E,748,25,0.0013351134846461949]
[2801][1407,(35, 14),2797,E,749,24,0.0013333333333333333]
[2809][1408,(36, 14),2801,S,750,23,0.0013315579227696406]
[2812][1412,(36, 13),2809,O,751,24,0.0013297872340425532]
[2816][1414,(36, 12),2812,O,752,25,0.0013280212483399733]
[2819][1416,(37, 12),2816,S,753,24,0.001326259946949602]
[2824][1417,(37, 11),2819,O,754,25,0.0013245033112582781]
[2828][1418,(37, 10),2824,O,755,26,0.0013227513227513227]
[2830][1419,(38, 10),2828,S,756,25,0.001321003963011889]
[2838][1420,(38, 9),2830,O,757,26,0.0013192612137203166]
[2841][1423,(38, 8),2838,O,758,27,0.0013175230566534915]
[2845][1425,(38, 7),2841,O,759,28,0.0013157894736842105]
[2848][1427,(39, 7),2845,S,760,27,0.001314060446780552]
[2853][1429,(39, 6),2848,O,761,28,0.0013123359580052493]
[2857][1430,(39, 5),2853,O,762,29,0.001310615989515072]
[2860][1431,(39, 4),2857,O,763,30,0.0013089005235602095]
[2864][1432,(39, 3),2860,O,764,31,0.00130718954248366]
[2868][1435,(39, 2),2864,O,765,32,0.0013054830287206266]
[2871][1439,(40, 2),2868,S,766,31,0.001303780964797914]
[2881][1441,(40, 1),2871,O,767,32,0.0013020833333333333]
[2883][1445,(41, 1),2881,S,768,31,0.0013003901170351106]
[2887][1446,(41, 0),2883,O,769,32,0.0012987012987012987]
[2890][1447,(42, 0),2887,S,770,31,0.0012970168612191958]
[2893][1448,(43, 0),2890,S,771,30,0.0012953367875647669]
[2895][1451,(43, 1),2893,E,772,29,0.00129366106080207]
[2897][1452,(42, 1),2895,N,773,30,0.0012919896640826874]
[2901][1453,(42, 2),2897,E,774,29,0.0012903225806451613]
[2903][1455,(41, 2),2901,N,775,30,0.001288659793814433]
[2908][1457,(41, 3),2903,E,776,29,0.001287001287001287]
[2911][1458,(40, 3),2908,N,777,30,0.0012853470437017994]
[2916][1460,(40, 4),2911,E,778,29,0.0012836970474967907]
[2920][1461,(41, 4),2916,S,779,28,0.001282051282051282]
[2923][1462,(41, 5),2920,E,780,27,0.0012804097311139564]
[2926][1465,(40, 5),2923,N,781,28,0.0012787723785166241]
[2930][1467,(40, 6),2926,E,782,27,0.001277139208173691]
[2933][1468,(40, 7),2930,E,783,26,0.0012755102040816326]
[2937][1469,(41, 7),2933,S,784,25,0.0012738853503184713]
[2942][1472,(41, 6),2937,O,785,26,0.001272264631043257]
[2945][1473,(42, 6),2942,S,786,25,0.0012706480304955528]
[2949][1474,(42, 5),2945,O,787,26,0.0012690355329949238]
[2953][1475,(42, 4),2949,O,788,27,0.0012674271229404308]
[2957][1479,(42, 3),2953,O,789,28,0.0012658227848101266]
[2960][1480,(43, 3),2957,S,790,27,0.0012642225031605564]
[2963][1481,(43, 2),2960,O,791,28,0.0012626262626262627]
[2966][1482,(44, 2),2963,S,792,27,0.0012610340479192938]
[2971][1483,(44, 1),2966,O,793,28,0.0012594458438287153]
[2973][1484,(44, 0),2971,O,794,29,0.0012578616352201257]
[2976][1485,(45, 0),2973,S,795,28,0.001256281407035176]
[2978][1489,(45, 1),2976,E,796,27,0.0012547051442910915]
[2980][1491,(45, 2),2978,E,797,26,0.0012531328320802004]
[2984][1492,(45, 3),2980,E,798,25,0.0012515644555694619]
[2987][1493,(46, 3),2984,S,799,24,0.00125]
[2990][1494,(46, 2),2987,O,800,25,0.0012484394506866417]
[2994][1495,(46, 1),2990,O,801,26,0.0012468827930174563]
[2997][1496,(46, 0),2994,O,802,27,0.0012453300124533001]
[3000][1497,(47, 0),2997,S,803,26,0.0012437810945273632]
[3002][1498,(47, 1),3000,E,804,25,0.0012422360248447205]
[3004][1500,(48, 1),3002,S,805,24,0.0012406947890818859]
[3009][1501,(48, 0),3004,O,806,25,0.0012391573729863693]
[3012][1502,(49, 0),3009,S,807,24,0.0012376237623762376]
[3014][1504,(49, 1),3012,E,808,23,0.0012360939431396785]
[3016][1505,(49, 2),3014,E,809,22,0.0012345679012345679]
[3018][1506,(49, 3),3016,E,810,21,0.0012330456226880395]
[3020][1507,(48, 3),3018,N,811,22,0.0012315270935960591]
[3023][1511,(47, 3),3020,N,812,23,0.0012300123001230013]
[3027][1514,(47, 4),3023,E,813,22,0.0012285012285012285]
[3036][1515,(46, 4),3027,N,814,23,0.001226993865030675]
[3040][1516,(45, 4),3036,N,815,24,0.0012254901960784314]
[3043][1519,(44, 4),3040,N,816,25,0.0012239902080783353]
[3046][1521,(43, 4),3043,N,817,26,0.0012224938875305623]
[3050][1522,(43, 5),3046,E,818,25,0.001221001221001221]
[3053][1523,(43, 6),3050,E,819,24,0.0012195121951219512]
[3056][1527,(44, 6),3053,S,820,23,0.001218026796589525]
[3061][1528,(44, 5),3056,O,821,24,0.0012165450121654502]
[3064][1530,(45, 5),3061,S,822,23,0.001215066828675577]
[3066][1531,(45, 6),3064,E,823,22,0.0012135922330097086]
[3069][1535,(45, 7),3066,E,824,21,0.0012121212121212121]
[3072][1536,(45, 8),3069,E,825,20,0.0012106537530266344]
[3077][1538,(44, 8),3072,N,826,21,0.0012091898428053204]
[3081][1539,(43, 8),3077,N,827,22,0.0012077294685990338]
[3084][1540,(42, 8),3081,N,828,23,0.0012062726176115801]
[3088][1543,(41, 8),3084,N,829,24,0.0012048192771084338]
[3092][1544,(40, 8),3088,N,830,25,0.0012033694344163659]
[3096][1546,(39, 8),3092,N,831,26,0.001201923076923077]
[3100][1549,(39, 9),3096,E,832,25,0.0012004801920768306]
[3104][1550,(39, 10),3100,E,833,24,0.001199040767386091]
[3108][1552,(39, 11),3104,E,834,23,0.0011976047904191617]
[3111][1553,(38, 11),3108,N,835,24,0.0011961722488038277]
[3116][1554,(38, 12),3111,E,836,23,0.0011947431302270011]
[3120][1555,(38, 13),3116,E,837,22,0.0011933174224343676]
[3123][1556,(37, 13),3120,N,838,23,0.0011918951132300357]
[3127][1558,(37, 14),3123,E,839,22,0.0011904761904761906]
[3130][1559,(37, 15),3127,E,840,21,0.0011890606420927466]
[3133][1563,(36, 15),3130,N,841,22,0.0011876484560570072]
[3137][1566,(35, 15),3133,N,842,23,0.0011862396204033216]
[3141][1569,(35, 16),3137,E,843,22,0.001184834123222749]
[3143][1570,(34, 16),3141,N,844,23,0.001183431952662722]
[3148][1571,(34, 17),3143,E,845,22,0.001182033096926714]
[3153][1573,(35, 17),3148,S,846,21,0.0011806375442739079]
[3156][1576,(35, 18),3153,E,847,20,0.0011792452830188679]
[3160][1577,(36, 18),3156,S,848,19,0.001177856301531213]
[3165][1578,(36, 17),3160,O,849,20,0.001176470588235294]
[3169][1581,(36, 16),3165,O,850,21,0.0011750881316098707]
[3172][1583,(37, 16),3169,S,851,20,0.0011737089201877935]
[3175][1584,(37, 17),3172,E,852,19,0.0011723329425556857]
[3179][1585,(37, 18),3175,E,853,18,0.00117096018735363]
[3183][1587,(37, 19),3179,E,854,17,0.0011695906432748538]
[3185][1590,(36, 19),3183,N,855,18,0.0011682242990654205]
[3190][1592,(36, 20),3185,E,856,17,0.0011668611435239206]
[3195][1593,(35, 20),3190,N,857,18,0.0011655011655011655]
[3199][1596,(35, 21),3195,E,858,17,0.0011641443538998836]
[3202][1597,(36, 21),3199,S,859,16,0.0011627906976744186]
[3205][1599,(36, 22),3202,E,860,15,0.0011614401858304297]
[3207][1602,(35, 22),3205,N,861,16,0.001160092807424594]
[3211][1604,(34, 22),3207,N,862,17,0.0011587485515643105]
[3214][1607,(33, 22),3211,N,863,18,0.0011574074074074073]
[3219][1608,(33, 23),3214,E,864,17,0.0011560693641618498]
[3222][1610,(33, 24),3219,E,865,16,0.0011547344110854503]
[3226][1614,(34, 24),3222,S,866,15,0.0011534025374855825]
[3231][1615,(35, 24),3226,S,867,14,0.001152073732718894]
[3234][1618,(35, 23),3231,O,868,15,0.0011507479861910242]
[3237][1620,(36, 23),3234,S,869,14,0.0011494252873563218]
[3243][1621,(36, 24),3237,E,870,13,0.001148105625717566]
[3247][1622,(37, 24),3243,S,871,12,0.0011467889908256881]
[3250][1625,(38, 24),3247,S,872,11,0.001145475372279496]
[3253][1626,(38, 23),3250,O,873,12,0.0011441647597254005]
[3254][1627,(37, 23),3253,N,874,13,0.001142857142857143]
[3260][1628,(37, 22),3254,O,875,14,0.001141552511415525]
[3264][1630,(37, 21),3260,O,876,15,0.0011402508551881414]
[3268][1631,(37, 20),3264,O,877,16,0.0011389521640091116]
[3271][1632,(38, 20),3268,S,878,15,0.0011376564277588168]
[3276][1635,(38, 19),3271,O,879,16,0.0011363636363636363]
[3280][1638,(38, 18),3276,O,880,17,0.0011350737797956867]
[3283][1641,(38, 17),3280,O,881,18,0.0011337868480725624]
[3287][1643,(38, 16),3283,O,882,19,0.0011325028312570782]
[3290][1644,(39, 16),3287,S,883,18,0.0011312217194570137]
[3293][1647,(39, 15),3290,O,884,19,0.0011299435028248588]
[3297][1649,(39, 14),3293,O,885,20,0.001128668171557562]
[3301][1650,(40, 14),3297,S,886,19,0.0011273957158962795]
[3303][1654,(40, 15),3301,E,887,18,0.0011261261261261261]
[3306][1655,(41, 15),3303,S,888,17,0.0011248593925759281]
[3313][1656,(41, 14),3306,O,889,18,0.0011235955056179776]
[3316][1658,(41, 13),3313,O,890,19,0.001122334455667789]
[3317][1659,(40, 13),3316,N,891,20,0.0011210762331838565]
[3321][1663,(39, 13),3317,N,892,21,0.0011198208286674132]
[3326][1664,(39, 12),3321,O,893,22,0.0011185682326621924]
[3329][1666,(40, 12),3326,S,894,21,0.0011173184357541898]
[3333][1668,(41, 12),3329,S,895,20,0.0011160714285714285]
[3336][1669,(42, 12),3333,S,896,19,0.0011148272017837235]
[3340][1670,(42, 11),3336,O,897,20,0.0011135857461024498]
[3341][1671,(41, 11),3340,N,898,21,0.0011123470522803114]
[3345][1672,(40, 11),3341,N,899,22,0.0011111111111111111]
[3350][1674,(40, 10),3345,O,900,23,0.0011098779134295228]
[3353][1678,(41, 10),3350,S,901,22,0.0011086474501108647]
[3361][1682,(41, 9),3353,O,902,23,0.0011074197120708748]
[3363][1683,(42, 9),3361,S,903,22,0.0011061946902654867]
[3367][1685,(43, 9),3363,S,904,21,0.0011049723756906078]
[3373][1688,(43, 10),3367,E,905,20,0.0011037527593818985]
[3376][1692,(43, 11),3373,E,906,19,0.0011025358324145535]
[3380][1695,(44, 11),3376,S,907,18,0.0011013215859030838]
[3384][1698,(45, 11),3380,S,908,17,0.0011001100110011]
[3390][1701,(45, 12),3384,E,909,16,0.001098901098901099]
[3394][1702,(46, 12),3390,S,910,15,0.0010976948408342481]
[3398][1703,(46, 11),3394,O,911,16,0.0010964912280701754]
[3402][1705,(46, 10),3398,O,912,17,0.001095290251916758]
[3404][1709,(46, 9),3402,O,913,18,0.0010940919037199124]
[3408][1710,(46, 8),3404,O,914,19,0.001092896174863388]
[3417][1711,(46, 7),3408,O,915,20,0.001091703056768559]
[3421][1712,(46, 6),3417,O,916,21,0.0010905125408942203]
[3424][1715,(46, 5),3421,O,917,22,0.0010893246187363835]
[3426][1717,(47, 5),3424,S,918,21,0.001088139281828074]
[3429][1718,(48, 5),3426,S,919,20,0.0010869565217391304]
[3433][1719,(48, 4),3429,O,920,21,0.0010857763300760044]
[3436][1720,(49, 4),3433,S,921,20,0.0010845986984815619]
[3439][1722,(49, 5),3436,E,922,19,0.0010834236186348862]
[3441][1725,(49, 6),3439,E,923,18,0.0010822510822510823]
[3443][1729,(48, 6),3441,N,924,19,0.001081081081081081]
[3446][1730,(47, 6),3443,N,925,20,0.0010799136069114472]
[3451][1732,(47, 7),3446,E,926,19,0.0010787486515641855]
[3454][1733,(47, 8),3451,E,927,18,0.0010775862068965517]
[3457][1734,(47, 9),3454,E,928,17,0.001076426264800861]
[3461][1737,(48, 9),3457,S,929,16,0.001075268817204301]
[3464][1740,(49, 9),3461,S,930,15,0.0010741138560687433]
[3466][1741,(49, 10),3464,E,931,14,0.001072961373390558]
[3476][1744,(48, 10),3466,N,932,15,0.0010718113612004287]
[3478][1746,(47, 10),3476,N,933,16,0.0010706638115631692]
[3481][1748,(47, 11),3478,E,934,15,0.0010695187165775401]
[3484][1750,(47, 12),3481,E,935,14,0.0010683760683760685]
[3487][1751,(47, 13),3484,E,936,13,0.0010672358591248667]
[3490][1752,(46, 13),3487,N,937,14,0.0010660980810234541]
[3494][1753,(45, 13),3490,N,938,15,0.0010649627263045794]
[3498][1754,(45, 14),3494,E,939,14,0.0010638297872340426]
[3500][1758,(44, 14),3498,N,940,15,0.0010626992561105207]
[3505][1760,(44, 13),3500,O,941,16,0.0010615711252653928]
[3507][1762,(43, 13),3505,N,942,17,0.0010604453870625664]
[3509][1766,(42, 13),3507,N,943,18,0.001059322033898305]
[3513][1768,(42, 14),3509,E,944,17,0.0010582010582010583]
[3517][1769,(42, 15),3513,E,945,16,0.0010570824524312897]
[3520][1770,(42, 16),3517,E,946,15,0.0010559662090813093]
[3523][1771,(41, 16),3520,N,947,16,0.0010548523206751054]
[3527][1774,(41, 17),3523,E,948,15,0.001053740779768177]
[3530][1775,(40, 17),3527,N,949,16,0.0010526315789473684]
[3533][1776,(39, 17),3530,N,950,17,0.0010515247108307045]
[3537][1778,(39, 18),3533,E,951,16,0.0010504201680672268]
[3540][1780,(39, 19),3537,E,952,15,0.001049317943336831]
[3544][1781,(39, 20),3540,E,953,14,0.0010482180293501049]
[3548][1782,(39, 21),3544,E,954,13,0.0010471204188481676]
[3551][1785,(40, 21),3548,S,955,12,0.0010460251046025104]
[3557][1786,(40, 22),3551,E,956,11,0.0010449320794148381]
[3559][1787,(39, 22),3557,N,957,12,0.0010438413361169101]
[3563][1788,(39, 23),3559,E,958,11,0.0010427528675703858]
[3567][1789,(40, 23),3563,S,959,10,0.0010416666666666667]
[3572][1791,(41, 23),3567,S,960,9,0.001040582726326743]
[3577][1792,(41, 22),3572,O,961,10,0.0010395010395010396]
[3581][1795,(41, 21),3577,O,962,11,0.0010384215991692627]
[3585][1796,(41, 20),3581,O,963,12,0.001037344398340249]
[3586][1800,(40, 20),3585,N,964,13,0.0010362694300518134]
[3591][1803,(40, 19),3586,O,965,14,0.0010351966873706005]
[3595][1804,(40, 18),3591,O,966,15,0.001034126163391934]
[3598][1808,(41, 18),3595,S,967,14,0.0010330578512396695]
[3601][1809,(41, 19),3598,E,968,13,0.0010319917440660474]
[3605][1810,(42, 19),3601,S,969,12,0.0010309278350515464]
[3610][1811,(42, 18),3605,O,970,13,0.0010298661174047373]
[3613][1812,(42, 17),3610,O,971,14,0.00102880658436214]
[3615][1814,(43, 17),3613,S,972,13,0.0010277492291880781]
[3619][1815,(43, 16),3615,O,973,14,0.001026694045174538]
[3623][1816,(43, 15),3619,O,974,15,0.0010256410256410256]
[3626][1817,(44, 15),3623,S,975,14,0.0010245901639344263]
[3628][1820,(44, 16),3626,E,976,13,0.0010235414534288639]
[3632][1824,(44, 17),3628,E,977,12,0.0010224948875255625]
[3635][1825,(44, 18),3632,E,978,11,0.0010214504596527069]
[3637][1829,(43, 18),3635,N,979,12,0.0010204081632653062]
[3641][1830,(43, 19),3637,E,980,11,0.0010193679918450561]
[3645][1833,(43, 20),3641,E,981,10,0.0010183299389002036]
[3648][1834,(43, 21),3645,E,982,9,0.001017293997965412]
[3651][1835,(42, 21),3648,N,983,10,0.0010162601626016261]
[3655][1839,(42, 22),3651,E,984,9,0.0010152284263959391]
[3662][1841,(42, 23),3655,E,985,8,0.0010141987829614604]
[3667][1844,(43, 23),3662,S,986,7,0.0010131712259371835]
[3677][1846,(43, 22),3667,O,987,8,0.0010121457489878543]
[3680][1847,(44, 22),3677,S,988,7,0.0010111223458038423]
[3685][1848,(44, 21),3680,O,989,8,0.00101010101010101]
[3688][1852,(44, 20),3685,O,990,9,0.0010090817356205853]
[3692][1854,(44, 19),3688,O,991,10,0.0010080645161290322]
[3695][1856,(45, 19),3692,S,992,9,0.0010070493454179255]
[3699][1859,(45, 18),3695,O,993,10,0.001006036217303823]
[3703][1862,(45, 17),3699,O,994,11,0.0010050251256281408]
[3706][1863,(45, 16),3703,O,995,12,0.001004016064257028]
[3709][1867,(46, 16),3706,S,996,11,0.0010030090270812437]
[3716][1869,(46, 15),3709,O,997,12,0.001002004008016032]
[3719][1872,(46, 14),3716,O,998,13,0.001001001001001001]
[3721][1875,(47, 14),3719,S,999,12,0.001]
[3724][1878,(47, 15),3721,E,1000,11,0.000999000999000999]
[3728][1882,(48, 15),3724,S,1001,10,0.000998003992015968]
[3731][1883,(49, 15),3728,S,1002,9,0.0009970089730807576]
[3733][1886,(49, 16),3731,E,1003,8,0.00099601593625498]
[3759][1889,(48, 16),3733,N,1004,9,0.0009950248756218905]
[3761][1891,(47, 16),3759,N,1005,10,0.0009940357852882703]
[3765][1892,(47, 17),3761,E,1006,9,0.0009930486593843098]
[3767][1894,(46, 17),3765,N,1007,10,0.000992063492063492]
[3772][1897,(46, 18),3767,E,1008,9,0.0009910802775024777]
[3776][1898,(46, 19),3772,E,1009,8,0.0009900990099009901]
[3779][1901,(46, 20),3776,E,1010,7,0.0009891196834817012]
[3782][1902,(45, 20),3779,N,1011,8,0.0009881422924901185]
[3785][1905,(45, 21),3782,E,1012,7,0.0009871668311944718]
[3789][1906,(45, 22),3785,E,1013,6,0.0009861932938856016]
[3792][1907,(45, 23),3789,E,1014,5,0.0009852216748768472]
[3795][1910,(44, 23),3792,N,1015,6,0.000984251968503937]
[3799][1913,(44, 24),3795,E,1016,5,0.0009832841691248771]
[3803][1916,(45, 24),3799,S,1017,4,0.0009823182711198428]
[3808][1917,(46, 24),3803,S,1018,3,0.0009813542688910696]
[3811][1919,(47, 24),3808,S,1019,2,0.000980392156862745]
[3814][1920,(47, 23),3811,O,1020,3,0.0009794319294809011]
[3815][1922,(46, 23),3814,N,1021,4,0.0009784735812133072]
[3820][1924,(46, 22),3815,O,1022,5,0.0009775171065493646]
[3824][1925,(46, 21),3820,O,1023,6,0.0009765625]
[3826][1926,(47, 21),3824,S,1024,5,0.000975609756097561]
[3830][1927,(47, 20),3826,O,1025,6,0.0009746588693957114]
[3832][1930,(48, 20),3830,S,1026,5,0.0009737098344693282]
[3834][1934,(48, 21),3832,E,1027,4,0.0009727626459143969]
[3853][1935,(48, 22),3834,E,1028,3,0.0009718172983479105]
[3857][1937,(48, 23),3853,E,1029,2,0.000970873786407767]
[3863][1940,(48, 24),3857,E,1030,1,0.0009699321047526673]
[3867][1941,(49, 24),3863,S,1031,0,0.0009689922480620155]