[id][cost,state,father_id,action,depth,h,value]
[0][0,(0, 0),None,None,0,73,73]
[1][2,(1, 0),0,S,1,72,74]
[3][4,(1, 1),1,E,2,71,75]
[6][5,(2, 1),3,S,3,70,75]
[11][6,(2, 2),6,E,4,69,75]
[14][7,(2, 3),11,E,5,68,75]
[19][8,(3, 3),14,S,6,67,75]
[30][9,(4, 3),19,S,7,66,75]
[38][10,(4, 4),30,E,8,65,75]
[41][12,(4, 5),38,E,9,64,76]
[60][13,(5, 5),41,S,10,63,76]
[73][16,(5, 6),60,E,11,62,78]
[139][17,(5, 7),73,E,12,61,78]
[142][20,(5, 8),139,E,13,60,80]
[189][21,(5, 9),142,E,14,59,80]
[193][22,(5, 10),189,E,15,58,80]
[197][23,(5, 11),193,E,16,57,80]
[201][26,(5, 12),197,E,17,56,82]
[308][27,(4, 12),201,N,18,57,84]
[507][28,(4, 13),308,E,19,56,84]
[510][29,(4, 14),507,E,20,55,84]
[514][30,(4, 15),510,E,21,54,84]
[519][31,(5, 15),514,S,22,53,84]
[530][32,(5, 16),519,E,23,52,84]
[532][33,(5, 17),530,E,24,51,84]
[536][34,(6, 17),532,S,25,50,84]
[549][35,(6, 18),536,E,26,49,84]
[552][38,(6, 19),549,E,27,48,86]
[753][39,(6, 20),552,E,28,47,86]
[756][40,(6, 21),753,E,29,46,86]
[761][41,(7, 21),756,S,30,45,86]
[795][42,(8, 21),761,S,31,44,86]
[820][43,(9, 21),795,S,32,43,86]
[833][44,(10, 21),820,S,33,42,86]
[840][45,(11, 21),833,S,34,41,86]
[853][46,(12, 21),840,S,35,40,86]
[856][47,(12, 22),853,E,36,39,86]
[859][48,(12, 23),856,E,37,38,86]
[864][49,(13, 23),859,S,38,37,86]
[885][50,(14, 23),864,S,39,36,86]
[899][51,(14, 24),885,E,40,35,86]
[903][52,(14, 25),899,E,41,34,86]
[907][53,(15, 25),903,S,42,33,86]
[932][54,(15, 26),907,E,43,32,86]
[937][55,(16, 26),932,S,44,31,86]
[968][56,(16, 27),937,E,45,30,86]
[970][59,(16, 28),968,E,46,29,88]
[1356][61,(16, 29),970,E,47,28,89]
[1563][62,(16, 30),1356,E,48,27,89]
[1567][64,(17, 30),1563,S,49,26,90]
[1733][65,(18, 30),1567,S,50,25,90]
[1755][67,(18, 31),1733,E,51,24,91]
[1960][68,(18, 32),1755,E,52,23,91]
[1964][69,(18, 33),1960,E,53,22,91]
[1968][70,(18, 34),1964,E,54,21,91]
[1972][71,(19, 34),1968,S,55,20,91]
[1999][72,(19, 35),1972,E,56,19,91]
[2002][73,(19, 36),1999,E,57,18,91]
[2005][74,(19, 37),2002,E,58,17,91]
[2009][76,(19, 38),2005,E,59,16,92]
[2213][77,(20, 38),2009,S,60,15,92]
[2233][78,(20, 39),2213,E,61,14,92]
[2236][79,(21, 39),2233,S,62,13,92]
[2255][81,(21, 40),2236,E,63,12,93]
[2397][82,(21, 41),2255,E,64,11,93]
[2400][83,(21, 42),2397,E,65,10,93]
[2404][84,(21, 43),2400,E,66,9,93]
[2408][85,(21, 44),2404,E,67,8,93]
[2413][87,(22, 44),2408,S,68,7,94]
[2675][88,(22, 45),2413,E,69,6,94]
[2680][89,(23, 45),2675,S,70,5,94]
[2701][91,(23, 46),2680,E,71,4,95]
[2847][92,(23, 47),2701,E,72,3,95]
[2850][93,(23, 48),2847,E,73,2,95]
[2855][94,(24, 48),2850,S,74,1,95]
[2885][96,(24, 49),2855,E,75,0,96]