[id][cost,state,father_id,action,depth,h,value]
[0][0,(0, 0),None,None,0,73,1.0]
[1][2,(1, 0),0,S,1,72,0.5]
[3][4,(1, 1),1,E,2,71,0.3333333333333333]
[5][5,(0, 1),3,N,3,72,0.25]
[8][8,(0, 2),5,E,4,71,0.2]
[10][9,(0, 3),8,E,5,70,0.16666666666666666]
[13][11,(0, 4),10,E,6,69,0.14285714285714285]
[16][14,(0, 5),13,E,7,68,0.125]
[19][16,(0, 6),16,E,8,67,0.1111111111111111]
[21][17,(1, 6),19,S,9,66,0.1]
[26][21,(1, 5),21,O,10,67,0.09090909090909091]
[28][22,(2, 5),26,S,11,66,0.08333333333333333]
[30][25,(2, 6),28,E,12,65,0.07692307692307693]
[33][28,(3, 6),30,S,13,64,0.07142857142857142]
[37][31,(3, 5),33,O,14,65,0.06666666666666667]
[41][32,(3, 4),37,O,15,66,0.0625]
[42][34,(2, 4),41,N,16,67,0.058823529411764705]
[45][35,(1, 4),42,N,17,68,0.05555555555555555]
[50][37,(1, 3),45,O,18,69,0.05263157894736842]
[54][38,(1, 2),50,O,19,70,0.05]
[57][39,(2, 2),54,S,20,69,0.047619047619047616]
[61][40,(2, 1),57,O,21,70,0.045454545454545456]
[64][41,(3, 1),61,S,22,69,0.043478260869565216]
[66][43,(4, 1),64,S,23,68,0.041666666666666664]
[70][44,(4, 0),66,O,24,69,0.04]
[73][47,(5, 0),70,S,25,68,0.038461538461538464]
[79][51,(5, 1),73,E,26,67,0.037037037037037035]
[82][52,(5, 2),79,E,27,66,0.03571428571428571]
[84][53,(5, 3),82,E,28,65,0.034482758620689655]
[87][55,(4, 3),84,N,29,66,0.03333333333333333]
[92][56,(4, 4),87,E,30,65,0.03225806451612903]
[107][58,(4, 5),92,E,31,64,0.03125]
[111][59,(5, 5),107,S,32,63,0.030303030303030304]
[115][62,(5, 4),111,O,33,64,0.029411764705882353]
[118][64,(6, 4),115,S,34,63,0.02857142857142857]
[123][65,(6, 3),118,O,35,64,0.027777777777777776]
[126][68,(6, 2),123,O,36,65,0.02702702702702703]
[130][70,(6, 1),126,O,37,66,0.02631578947368421]
[133][72,(6, 0),130,O,38,67,0.02564102564102564]
[136][73,(7, 0),133,S,39,66,0.025]
[138][74,(8, 0),136,S,40,65,0.024390243902439025]
[140][76,(8, 1),138,E,41,64,0.023809523809523808]
[142][77,(8, 2),140,E,42,63,0.023255813953488372]
[145][79,(9, 2),142,S,43,62,0.022727272727272728]
[148][81,(9, 3),145,E,44,61,0.022222222222222223]
[149][85,(8, 3),148,N,45,62,0.021739130434782608]
[152][88,(7, 3),149,N,46,63,0.02127659574468085]
[155][89,(7, 4),152,E,47,62,0.020833333333333332]
[164][90,(8, 4),155,S,48,61,0.02040816326530612]
[167][91,(8, 5),164,E,49,60,0.02]
[170][93,(7, 5),167,N,50,61,0.0196078431372549]
[172][94,(6, 5),170,N,51,62,0.019230769230769232]
[175][96,(6, 6),172,E,52,61,0.018867924528301886]
[178][97,(7, 6),175,S,53,60,0.018518518518518517]
[181][100,(7, 7),178,E,54,59,0.01818181818181818]
[184][101,(8, 7),181,S,55,58,0.017857142857142856]
[189][102,(8, 6),184,O,56,59,0.017543859649122806]
[192][103,(9, 6),189,S,57,58,0.017241379310344827]
[196][105,(9, 5),192,O,58,59,0.01694915254237288]
[198][106,(10, 5),196,S,59,58,0.016666666666666666]
[202][107,(10, 4),198,O,60,59,0.01639344262295082]
[206][111,(10, 3),202,O,61,60,0.016129032258064516]
[212][112,(10, 2),206,O,62,61,0.015873015873015872]
[214][114,(10, 1),212,O,63,62,0.015625]
[215][115,(9, 1),214,N,64,63,0.015384615384615385]
[221][117,(9, 0),215,O,65,64,0.015151515151515152]
[224][121,(10, 0),221,S,66,63,0.014925373134328358]
[227][122,(11, 0),224,S,67,62,0.014705882352941176]
[229][123,(11, 1),227,E,68,61,0.014492753623188406]
[232][124,(11, 2),229,E,69,60,0.014285714285714285]
[235][126,(11, 3),232,E,70,59,0.014084507042253521]
[239][127,(11, 4),235,E,71,58,0.013888888888888888]
[243][128,(11, 5),239,E,72,57,0.0136986301369863]
[247][131,(11, 6),243,E,73,56,0.013513513513513514]
[250][132,(11, 7),247,E,74,55,0.013333333333333334]
[253][133,(10, 7),250,N,75,56,0.013157894736842105]
[256][136,(9, 7),253,N,76,57,0.012987012987012988]
[259][138,(9, 8),256,E,77,56,0.01282051282051282]
[262][141,(8, 8),259,N,78,57,0.012658227848101266]
[266][144,(7, 8),262,N,79,58,0.0125]
[270][146,(6, 8),266,N,80,59,0.012345679012345678]
[273][150,(5, 8),270,N,81,60,0.012195121951219513]
[277][151,(4, 8),273,N,82,61,0.012048192771084338]
[281][153,(3, 8),277,N,83,62,0.011904761904761904]
[285][157,(2, 8),281,N,84,63,0.011764705882352941]
[289][160,(1, 8),285,N,85,64,0.011627906976744186]
[293][161,(0, 8),289,N,86,65,0.011494252873563218]
[297][164,(0, 9),293,E,87,64,0.011363636363636364]
[328][167,(0, 10),297,E,88,63,0.011235955056179775]
[331][170,(1, 10),328,S,89,62,0.011111111111111112]
[334][174,(1, 11),331,E,90,61,0.01098901098901099]
[335][175,(0, 11),334,N,91,62,0.010869565217391304]
[339][176,(0, 12),335,E,92,61,0.010752688172043012]
[341][179,(0, 13),339,E,93,60,0.010638297872340425]
[344][180,(0, 14),341,E,94,59,0.010526315789473684]
[347][181,(1, 14),344,S,95,58,0.010416666666666666]
[352][184,(1, 13),347,O,96,59,0.010309278350515464]
[355][187,(1, 12),352,O,97,60,0.01020408163265306]
[358][190,(2, 12),355,S,98,59,0.010101010101010102]
[362][191,(2, 11),358,O,99,60,0.01]
[366][192,(2, 10),362,O,100,61,0.009900990099009901]
[369][194,(2, 9),366,O,101,62,0.00980392156862745]
[372][196,(3, 9),369,S,102,61,0.009708737864077669]
[378][199,(3, 10),372,E,103,60,0.009615384615384616]
[382][203,(4, 10),378,S,104,59,0.009523809523809525]
[387][204,(4, 9),382,O,105,60,0.009433962264150943]
[390][206,(5, 9),387,S,106,59,0.009345794392523364]
[393][207,(5, 10),390,E,107,58,0.009259259259259259]
[397][208,(5, 11),393,E,108,57,0.009174311926605505]
[400][211,(4, 11),397,N,109,58,0.00909090909090909]
[404][212,(3, 11),400,N,110,59,0.009009009009009009]
[408][214,(3, 12),404,E,111,58,0.008928571428571428]
[411][217,(3, 13),408,E,112,57,0.008849557522123894]
[414][218,(2, 13),411,N,113,58,0.008771929824561403]
[418][219,(2, 14),414,E,114,57,0.008695652173913044]
[421][222,(2, 15),418,E,115,56,0.008620689655172414]
[424][223,(1, 15),421,N,116,57,0.008547008547008548]
[427][225,(0, 15),424,N,117,58,0.00847457627118644]
[431][228,(0, 16),427,E,118,57,0.008403361344537815]
[433][229,(0, 17),431,E,119,56,0.008333333333333333]
[436][233,(0, 18),433,E,120,55,0.008264462809917356]
[439][234,(0, 19),436,E,121,54,0.00819672131147541]
[442][237,(0, 20),439,E,122,53,0.008130081300813009]
[445][240,(0, 21),442,E,123,52,0.008064516129032258]
[448][241,(0, 22),445,E,124,51,0.008]
[450][242,(0, 23),448,E,125,50,0.007936507936507936]
[452][244,(0, 24),450,E,126,49,0.007874015748031496]
[455][246,(0, 25),452,E,127,48,0.0078125]
[458][247,(0, 26),455,E,128,47,0.007751937984496124]
[461][250,(1, 26),458,S,129,46,0.007692307692307693]
[466][251,(1, 25),461,O,130,47,0.007633587786259542]
[469][252,(2, 25),466,S,131,46,0.007575757575757576]
[476][253,(2, 24),469,O,132,47,0.007518796992481203]
[478][254,(3, 24),476,S,133,46,0.007462686567164179]
[482][255,(3, 23),478,O,134,47,0.007407407407407408]
[483][259,(2, 23),482,N,135,48,0.007352941176470588]
[487][260,(1, 23),483,N,136,49,0.0072992700729927005]
[492][263,(1, 22),487,O,137,50,0.007246376811594203]
[495][265,(1, 21),492,O,138,51,0.007194244604316547]
[498][266,(1, 20),495,O,139,52,0.007142857142857143]
[501][268,(2, 20),498,S,140,51,0.0070921985815602835]
[504][269,(2, 19),501,O,141,52,0.007042253521126761]
[507][271,(2, 18),504,O,142,53,0.006993006993006993]
[510][273,(2, 17),507,O,143,54,0.006944444444444444]
[511][274,(1, 17),510,N,144,55,0.006896551724137931]
[518][277,(1, 16),511,O,145,56,0.00684931506849315]
[521][278,(2, 16),518,S,146,55,0.006802721088435374]
[525][282,(3, 16),521,S,147,54,0.006756756756756757]
[529][283,(3, 15),525,O,148,55,0.006711409395973154]
[532][284,(3, 14),529,O,149,56,0.006666666666666667]
[535][285,(4, 14),532,S,150,55,0.006622516556291391]
[540][286,(4, 13),535,O,151,56,0.006578947368421052]
[544][287,(4, 12),540,O,152,57,0.006535947712418301]
[547][288,(5, 12),544,S,153,56,0.006493506493506494]
[549][289,(5, 13),547,E,154,55,0.0064516129032258064]
[553][293,(6, 13),549,S,155,54,0.00641025641025641]
[558][296,(6, 12),553,O,156,55,0.006369426751592357]
[562][297,(6, 11),558,O,157,56,0.006329113924050633]
[565][298,(7, 11),562,S,158,55,0.006289308176100629]
[569][299,(7, 10),565,O,159,56,0.00625]
[572][303,(8, 10),569,S,160,55,0.006211180124223602]
[586][304,(8, 9),572,O,161,56,0.006172839506172839]
[588][307,(9, 9),586,S,162,55,0.006134969325153374]
[591][311,(9, 10),588,E,163,54,0.006097560975609756]
[595][312,(9, 11),591,E,164,53,0.006060606060606061]
[598][314,(10, 11),595,S,165,52,0.006024096385542169]
[601][315,(10, 12),598,E,166,51,0.005988023952095809]
[607][317,(10, 13),601,E,167,50,0.005952380952380952]
[611][318,(9, 13),607,N,168,51,0.005917159763313609]
[614][320,(8, 13),611,N,169,52,0.0058823529411764705]
[617][324,(7, 13),614,N,170,53,0.005847953216374269]
[621][328,(7, 14),617,E,171,52,0.005813953488372093]
[633][329,(7, 15),621,E,172,51,0.005780346820809248]
[636][332,(6, 15),633,N,173,52,0.005747126436781609]
[640][334,(5, 15),636,N,174,53,0.005714285714285714]
[644][335,(4, 15),640,N,175,54,0.005681818181818182]
[648][336,(4, 16),644,E,176,53,0.005649717514124294]
[651][337,(4, 17),648,E,177,52,0.0056179775280898875]
[653][339,(3, 17),651,N,178,53,0.00558659217877095]
[658][341,(3, 18),653,E,179,52,0.005555555555555556]
[662][343,(3, 19),658,E,180,51,0.0055248618784530384]
[666][346,(3, 20),662,E,181,50,0.005494505494505495]
[670][347,(4, 20),666,S,182,49,0.00546448087431694]
[674][350,(4, 19),670,O,183,50,0.005434782608695652]
[678][353,(4, 18),674,O,184,51,0.005405405405405406]
[681][354,(5, 18),678,S,185,50,0.005376344086021506]
[685][357,(5, 17),681,O,186,51,0.0053475935828877]
[688][358,(6, 17),685,S,187,50,0.005319148936170213]
[693][359,(6, 18),688,E,188,49,0.005291005291005291]
[696][362,(6, 19),693,E,189,48,0.005263157894736842]
[699][363,(5, 19),696,N,190,49,0.005235602094240838]
[703][365,(5, 20),699,E,191,48,0.005208333333333333]
[705][366,(5, 21),703,E,192,47,0.0051813471502590676]
[708][367,(4, 21),705,N,193,48,0.005154639175257732]
[713][368,(4, 22),708,E,194,47,0.005128205128205128]
[729][369,(4, 23),713,E,195,46,0.00510204081632653]
[733][373,(4, 24),729,E,196,45,0.005076142131979695]
[737][375,(4, 25),733,E,197,44,0.005050505050505051]
[740][377,(5, 25),737,S,198,43,0.005025125628140704]
[744][381,(5, 24),740,O,199,44,0.005]
[748][385,(5, 23),744,O,200,45,0.004975124378109453]
[751][389,(6, 23),748,S,201,44,0.0049504950495049506]
[759][390,(6, 22),751,O,202,45,0.0049261083743842365]
[761][391,(6, 21),759,O,203,46,0.004901960784313725]
[765][392,(6, 20),761,O,204,47,0.004878048780487805]
[768][393,(7, 20),765,S,205,46,0.0048543689320388345]
[772][394,(7, 19),768,O,206,47,0.004830917874396135]
[775][396,(7, 18),772,O,207,48,0.004807692307692308]
[778][397,(8, 18),775,S,208,47,0.004784688995215311]
[782][400,(8, 17),778,O,209,48,0.004761904761904762]
[783][402,(7, 17),782,N,210,49,0.004739336492890996]
[788][405,(7, 16),783,O,211,50,0.0047169811320754715]
[791][409,(8, 16),788,S,212,49,0.004694835680751174]
[798][410,(8, 15),791,O,213,50,0.004672897196261682]
[801][411,(8, 14),798,O,214,51,0.004651162790697674]
[804][413,(9, 14),801,S,215,50,0.004629629629629629]
[806][415,(10, 14),804,S,216,49,0.004608294930875576]
[809][418,(10, 15),806,E,217,48,0.0045871559633027525]
[811][419,(9, 15),809,N,218,49,0.0045662100456621]
[815][422,(9, 16),811,E,219,48,0.004545454545454545]
[818][423,(9, 17),815,E,220,47,0.004524886877828055]
[821][424,(9, 18),818,E,221,46,0.0045045045045045045]
[825][426,(10, 18),821,S,222,45,0.004484304932735426]
[828][427,(10, 19),825,E,223,44,0.004464285714285714]
[830][429,(9, 19),828,N,224,45,0.0044444444444444444]
[834][432,(8, 19),830,N,225,46,0.004424778761061947]
[838][436,(8, 20),834,E,226,45,0.004405286343612335]
[842][440,(8, 21),838,E,227,44,0.0043859649122807015]
[846][441,(8, 22),842,E,228,43,0.004366812227074236]
[851][442,(8, 23),846,E,229,42,0.004347826086956522]
[855][444,(8, 24),851,E,230,41,0.004329004329004329]
[862][445,(7, 24),855,N,231,42,0.004310344827586207]
[864][446,(6, 24),862,N,232,43,0.004291845493562232]
[868][447,(6, 25),864,E,233,42,0.004273504273504274]
[872][448,(6, 26),868,E,234,41,0.00425531914893617]
[875][449,(5, 26),872,N,235,42,0.00423728813559322]
[879][452,(4, 26),875,N,236,43,0.004219409282700422]
[882][453,(3, 26),879,N,237,44,0.004201680672268907]
[885][454,(2, 26),882,N,238,45,0.0041841004184100415]
[890][456,(2, 27),885,E,239,44,0.004166666666666667]
[893][457,(3, 27),890,S,240,43,0.004149377593360996]
[896][459,(3, 28),893,E,241,42,0.004132231404958678]
[899][461,(2, 28),896,N,242,43,0.00411522633744856]
[903][464,(1, 28),899,N,243,44,0.004098360655737705]
[906][465,(0, 28),903,N,244,45,0.004081632653061225]
[910][466,(0, 29),906,E,245,44,0.0040650406504065045]
[918][469,(0, 30),910,E,246,43,0.004048582995951417]
[921][470,(0, 31),918,E,247,42,0.004032258064516129]
[924][471,(0, 32),921,E,248,41,0.004016064257028112]
[927][472,(0, 33),924,E,249,40,0.004]
[929][473,(1, 33),927,S,250,39,0.00398406374501992]
[934][476,(1, 32),929,O,251,40,0.003968253968253968]
[936][477,(1, 31),934,O,252,41,0.003952569169960474]
[940][478,(1, 30),936,O,253,42,0.003937007874015748]
[944][480,(1, 29),940,O,254,43,0.00392156862745098]
[947][481,(2, 29),944,S,255,42,0.00390625]
[950][482,(2, 30),947,E,256,41,0.0038910505836575876]
[953][484,(3, 30),950,S,257,40,0.003875968992248062]
[956][487,(3, 31),953,E,258,39,0.003861003861003861]
[961][489,(3, 32),956,E,259,38,0.0038461538461538464]
[964][490,(2, 32),961,N,260,39,0.0038314176245210726]
[968][493,(2, 33),964,E,261,38,0.003816793893129771]
[974][494,(2, 34),968,E,262,37,0.0038022813688212928]
[977][497,(2, 35),974,E,263,36,0.003787878787878788]
[980][498,(1, 35),977,N,264,37,0.0037735849056603774]
[984][499,(0, 35),980,N,265,38,0.0037593984962406013]
[987][500,(0, 36),984,E,266,37,0.003745318352059925]
[995][502,(0, 37),987,E,267,36,0.0037313432835820895]
[998][505,(0, 38),995,E,268,35,0.0037174721189591076]
[1001][506,(0, 39),998,E,269,34,0.003703703703703704]
[1004][507,(0, 40),1001,E,270,33,0.0036900369003690036]
[1007][508,(0, 41),1004,E,271,32,0.003676470588235294]
[1010][512,(0, 42),1007,E,272,31,0.003663003663003663]
[1013][515,(0, 43),1010,E,273,30,0.0036496350364963502]
[1016][519,(0, 44),1013,E,274,29,0.0036363636363636364]
[1019][520,(0, 45),1016,E,275,28,0.0036231884057971015]
[1021][521,(0, 46),1019,E,276,27,0.0036101083032490976]
[1024][524,(0, 47),1021,E,277,26,0.0035971223021582736]
[1027][525,(0, 48),1024,E,278,25,0.0035842293906810036]
[1030][529,(0, 49),1027,E,279,24,0.0035714285714285713]
[1033][531,(1, 49),1030,S,280,23,0.0035587188612099642]
[1037][532,(1, 48),1033,O,281,24,0.0035460992907801418]
[1041][533,(1, 47),1037,O,282,25,0.0035335689045936395]
[1045][536,(1, 46),1041,O,283,26,0.0035211267605633804]
[1048][537,(1, 45),1045,O,284,27,0.0035087719298245615]
[1052][538,(1, 44),1048,O,285,28,0.0034965034965034965]
[1055][541,(1, 43),1052,O,286,29,0.003484320557491289]
[1058][542,(1, 42),1055,O,287,30,0.003472222222222222]
[1062][544,(1, 41),1058,O,288,31,0.0034602076124567475]
[1065][547,(1, 40),1062,O,289,32,0.0034482758620689655]
[1068][548,(1, 39),1065,O,290,33,0.003436426116838488]
[1071][549,(2, 39),1068,S,291,32,0.003424657534246575]
[1075][553,(2, 38),1071,O,292,33,0.0034129692832764505]
[1076][554,(1, 38),1075,N,293,34,0.003401360544217687]
[1080][555,(1, 37),1076,O,294,35,0.003389830508474576]
[1083][556,(2, 37),1080,S,295,34,0.0033783783783783786]
[1088][559,(3, 37),1083,S,296,33,0.003367003367003367]
[1095][560,(3, 36),1088,O,297,34,0.003355704697986577]
[1097][562,(3, 35),1095,O,298,35,0.0033444816053511705]
[1100][563,(3, 34),1097,O,299,36,0.0033333333333333335]
[1104][564,(3, 33),1100,O,300,37,0.0033222591362126247]
[1107][565,(4, 33),1104,S,301,36,0.0033112582781456954]
[1112][569,(4, 32),1107,O,302,37,0.0033003300330033004]
[1116][571,(4, 31),1112,O,303,38,0.003289473684210526]
[1119][574,(5, 31),1116,S,304,37,0.003278688524590164]
[1121][575,(5, 32),1119,E,305,36,0.0032679738562091504]
[1124][578,(5, 33),1121,E,306,35,0.003257328990228013]
[1128][579,(5, 34),1124,E,307,34,0.003246753246753247]
[1131][580,(4, 34),1128,N,308,35,0.003236245954692557]
[1134][582,(4, 35),1131,E,309,34,0.0032258064516129032]
[1137][583,(4, 36),1134,E,310,33,0.003215434083601286]
[1139][584,(4, 37),1137,E,311,32,0.003205128205128205]
[1143][585,(4, 38),1139,E,312,31,0.003194888178913738]
[1145][588,(4, 39),1143,E,313,30,0.0031847133757961785]
[1148][589,(3, 39),1145,N,314,31,0.0031746031746031746]
[1153][590,(3, 40),1148,E,315,30,0.0031645569620253164]
[1158][591,(3, 41),1153,E,316,29,0.0031545741324921135]
[1162][594,(3, 42),1158,E,317,28,0.0031446540880503146]
[1169][597,(3, 43),1162,E,318,27,0.003134796238244514]
[1174][598,(2, 43),1169,N,319,28,0.003125]
[1178][601,(2, 44),1174,E,320,27,0.003115264797507788]
[1181][603,(2, 45),1178,E,321,26,0.003105590062111801]
[1185][604,(2, 46),1181,E,322,25,0.0030959752321981426]
[1188][606,(3, 46),1185,S,323,24,0.0030864197530864196]
[1192][610,(3, 45),1188,O,324,25,0.003076923076923077]
[1195][611,(3, 44),1192,O,325,26,0.003067484662576687]
[1198][612,(4, 44),1195,S,326,25,0.0030581039755351682]
[1203][614,(4, 43),1198,O,327,26,0.003048780487804878]
[1207][618,(4, 42),1203,O,328,27,0.00303951367781155]
[1211][620,(4, 41),1207,O,329,28,0.0030303030303030303]
[1213][621,(5, 41),1211,S,330,27,0.0030211480362537764]
[1217][624,(5, 40),1213,O,331,28,0.0030120481927710845]
[1219][625,(6, 40),1217,S,332,27,0.003003003003003003]
[1222][629,(6, 39),1219,O,333,28,0.0029940119760479044]
[1226][630,(6, 38),1222,O,334,29,0.0029850746268656717]
[1229][631,(5, 38),1226,N,335,30,0.002976190476190476]
[1234][633,(5, 37),1229,O,336,31,0.002967359050445104]
[1237][637,(5, 36),1234,O,337,32,0.0029585798816568047]
[1240][638,(6, 36),1237,S,338,31,0.0029498525073746312]
[1246][641,(6, 35),1240,O,339,32,0.0029411764705882353]
[1248][642,(6, 34),1246,O,340,33,0.002932551319648094]
[1251][645,(6, 33),1248,O,341,34,0.0029239766081871343]
[1255][647,(6, 32),1251,O,342,35,0.0029154518950437317]
[1259][648,(6, 31),1255,O,343,36,0.0029069767441860465]
[1262][649,(6, 30),1259,O,344,37,0.002898550724637681]
[1263][653,(5, 30),1262,N,345,38,0.002890173410404624]
[1267][654,(5, 29),1263,O,346,39,0.002881844380403458]
[1268][655,(4, 29),1267,N,347,40,0.0028735632183908046]
[1274][658,(4, 28),1268,O,348,41,0.0028653295128939827]
[1277][660,(5, 28),1274,S,349,40,0.002857142857142857]
[1280][661,(5, 27),1277,O,350,41,0.002849002849002849]
[1282][662,(6, 27),1280,S,351,40,0.002840909090909091]
[1285][665,(6, 28),1282,E,352,39,0.0028328611898017]
[1288][667,(6, 29),1285,E,353,38,0.002824858757062147]
[1293][668,(7, 29),1288,S,354,37,0.0028169014084507044]
[1298][672,(7, 28),1293,O,355,38,0.0028089887640449437]
[1302][676,(7, 27),1298,O,356,39,0.0028011204481792717]
[1306][678,(7, 26),1302,O,357,40,0.002793296089385475]
[1309][680,(8, 26),1306,S,358,39,0.002785515320334262]
[1312][683,(8, 25),1309,O,359,40,0.002777777777777778]
[1314][686,(9, 25),1312,S,360,39,0.002770083102493075]
[1316][688,(9, 26),1314,E,361,38,0.0027624309392265192]
[1319][691,(9, 27),1316,E,362,37,0.0027548209366391185]
[1323][693,(9, 28),1319,E,363,36,0.0027472527472527475]
[1328][694,(9, 29),1323,E,364,35,0.0027397260273972603]
[1332][697,(9, 30),1328,E,365,34,0.00273224043715847]
[1340][698,(9, 31),1332,E,366,33,0.0027247956403269754]
[1343][700,(8, 31),1340,N,367,34,0.002717391304347826]
[1348][703,(8, 30),1343,O,368,35,0.0027100271002710027]
[1349][705,(7, 30),1348,N,369,36,0.002702702702702703]
[1351][706,(7, 31),1349,E,370,35,0.0026954177897574125]
[1354][710,(7, 32),1351,E,371,34,0.002688172043010753]
[1357][711,(8, 32),1354,S,372,33,0.002680965147453083]
[1360][714,(8, 33),1357,E,373,32,0.00267379679144385]
[1363][717,(8, 34),1360,E,374,31,0.0026666666666666666]
[1367][718,(7, 34),1363,N,375,32,0.0026595744680851063]
[1372][720,(7, 35),1367,E,376,31,0.002652519893899204]
[1374][724,(7, 36),1372,E,377,30,0.0026455026455026454]
[1379][727,(8, 36),1374,S,378,29,0.002638522427440633]
[1389][728,(9, 36),1379,S,379,28,0.002631578947368421]
[1397][732,(9, 35),1389,O,380,29,0.0026246719160104987]
[1400][733,(9, 34),1397,O,381,30,0.002617801047120419]
[1404][734,(9, 33),1400,O,382,31,0.0026109660574412533]
[1407][735,(9, 32),1404,O,383,32,0.0026041666666666665]
[1410][736,(10, 32),1407,S,384,31,0.0025974025974025974]
[1415][737,(10, 31),1410,O,385,32,0.0025906735751295338]
[1419][738,(10, 30),1415,O,386,33,0.002583979328165375]
[1422][739,(11, 30),1419,S,387,32,0.002577319587628866]
[1425][741,(11, 29),1422,O,388,33,0.002570694087403599]
[1426][744,(10, 29),1425,N,389,34,0.002564102564102564]
[1432][745,(10, 28),1426,O,390,35,0.0025575447570332483]
[1436][746,(10, 27),1432,O,391,36,0.002551020408163265]
[1439][747,(10, 26),1436,O,392,37,0.002544529262086514]
[1443][750,(10, 25),1439,O,393,38,0.0025380710659898475]
[1447][751,(10, 24),1443,O,394,39,0.002531645569620253]
[1449][752,(10, 23),1447,O,395,40,0.0025252525252525255]
[1450][753,(9, 23),1449,N,396,41,0.0025188916876574307]
[1457][755,(9, 22),1450,O,397,42,0.002512562814070352]
[1460][759,(9, 21),1457,O,398,43,0.002506265664160401]
[1464][760,(9, 20),1460,O,399,44,0.0025]
[1467][761,(10, 20),1464,S,400,43,0.0024937655860349127]
[1470][762,(11, 20),1467,S,401,42,0.0024875621890547263]
[1475][764,(11, 19),1470,O,402,43,0.0024813895781637717]
[1479][767,(11, 18),1475,O,403,44,0.0024752475247524753]
[1483][768,(11, 17),1479,O,404,45,0.0024691358024691358]
[1486][770,(12, 17),1483,S,405,44,0.0024630541871921183]
[1500][772,(12, 16),1486,O,406,45,0.002457002457002457]
[1503][773,(12, 15),1500,O,407,46,0.0024509803921568627]
[1504][776,(11, 15),1503,N,408,47,0.0024449877750611247]
[1510][780,(11, 14),1504,O,409,48,0.0024390243902439024]
[1513][782,(11, 13),1510,O,410,49,0.0024330900243309003]
[1517][783,(11, 12),1513,O,411,50,0.0024271844660194173]
[1520][784,(11, 11),1517,O,412,51,0.002421307506053269]
[1524][786,(11, 10),1520,O,413,52,0.0024154589371980675]
[1527][789,(11, 9),1524,O,414,53,0.0024096385542168677]
[1530][791,(11, 8),1527,O,415,54,0.002403846153846154]
[1532][792,(12, 8),1530,S,416,53,0.002398081534772182]
[1536][793,(12, 7),1532,O,417,54,0.0023923444976076554]
[1540][795,(12, 6),1536,O,418,55,0.002386634844868735]
[1544][796,(12, 5),1540,O,419,56,0.002380952380952381]
[1547][798,(12, 4),1544,O,420,57,0.0023752969121140144]
[1551][799,(12, 3),1547,O,421,58,0.002369668246445498]
[1555][800,(12, 2),1551,O,422,59,0.002364066193853428]
[1558][801,(13, 2),1555,S,423,58,0.0023584905660377358]
[1563][802,(13, 3),1558,E,424,57,0.002352941176470588]
[1566][803,(14, 3),1563,S,425,56,0.002347417840375587]
[1571][804,(14, 2),1566,O,426,57,0.00234192037470726]
[1575][806,(14, 1),1571,O,427,58,0.002336448598130841]
[1578][809,(15, 1),1575,S,428,57,0.002331002331002331]
[1585][811,(15, 0),1578,O,429,58,0.002325581395348837]
[1587][815,(16, 0),1585,S,430,57,0.002320185614849188]
[1589][817,(16, 1),1587,E,431,56,0.0023148148148148147]
[1592][818,(16, 2),1589,E,432,55,0.0023094688221709007]
[1595][819,(16, 3),1592,E,433,54,0.002304147465437788]
[1600][821,(15, 3),1595,N,434,55,0.0022988505747126436]
[1605][824,(15, 4),1600,E,435,54,0.0022935779816513763]
[1607][826,(14, 4),1605,N,436,55,0.002288329519450801]
[1611][827,(14, 5),1607,E,437,54,0.00228310502283105]
[1615][828,(14, 6),1611,E,438,53,0.002277904328018223]
[1623][829,(14, 7),1615,E,439,52,0.0022727272727272726]
[1627][830,(14, 8),1623,E,440,51,0.0022675736961451248]
[1630][833,(13, 8),1627,N,441,52,0.0022624434389140274]
[1635][836,(13, 9),1630,E,442,51,0.002257336343115124]
[1640][837,(13, 10),1635,E,443,50,0.0022522522522522522]
[1645][840,(14, 10),1640,S,444,49,0.0022471910112359553]
[1660][843,(14, 11),1645,E,445,48,0.002242152466367713]
[1666][846,(14, 12),1660,E,446,47,0.0022371364653243847]
[1669][850,(13, 12),1666,N,447,48,0.002232142857142857]
[1673][851,(12, 12),1669,N,448,49,0.0022271714922048997]
[1676][852,(12, 13),1673,E,449,48,0.0022222222222222222]
[1679][856,(12, 14),1676,E,450,47,0.0022172949002217295]
[1683][860,(13, 14),1679,S,451,46,0.0022123893805309734]
[1688][861,(13, 13),1683,O,452,47,0.002207505518763797]
[1691][864,(14, 13),1688,S,453,46,0.0022026431718061676]
[1694][868,(14, 14),1691,E,454,45,0.002197802197802198]
[1698][871,(14, 15),1694,E,455,44,0.0021929824561403508]
[1701][872,(13, 15),1698,N,456,45,0.002188183807439825]
[1705][874,(13, 16),1701,E,457,44,0.002183406113537118]
[1709][875,(13, 17),1705,E,458,43,0.002178649237472767]
[1713][876,(14, 17),1709,S,459,42,0.002173913043478261]
[1718][877,(14, 16),1713,O,460,43,0.0021691973969631237]
[1721][879,(15, 16),1718,S,461,42,0.0021645021645021645]
[1726][880,(15, 15),1721,O,462,43,0.0021598272138228943]
[1728][883,(16, 15),1726,S,463,42,0.0021551724137931034]
[1735][884,(16, 14),1728,O,464,43,0.002150537634408602]
[1738][888,(16, 13),1735,O,465,44,0.002145922746781116]
[1741][889,(16, 12),1738,O,466,45,0.0021413276231263384]
[1746][890,(16, 11),1741,O,467,46,0.002136752136752137]
[1749][891,(15, 11),1746,N,468,47,0.0021321961620469083]
[1754][892,(15, 10),1749,O,469,48,0.002127659574468085]
[1757][893,(15, 9),1754,O,470,49,0.0021231422505307855]
[1760][895,(15, 8),1757,O,471,50,0.00211864406779661]
[1764][896,(15, 7),1760,O,472,51,0.0021141649048625794]
[1768][899,(15, 6),1764,O,473,52,0.002109704641350211]
[1770][902,(16, 6),1768,S,474,51,0.002105263157894737]
[1778][903,(16, 7),1770,E,475,50,0.0021008403361344537]
[1781][904,(17, 7),1778,S,476,49,0.0020964360587002098]
[1786][905,(17, 6),1781,O,477,50,0.0020920502092050207]
[1790][906,(17, 5),1786,O,478,51,0.0020876826722338203]
[1792][907,(18, 5),1790,S,479,50,0.0020833333333333333]
[1796][908,(18, 4),1792,O,480,51,0.002079002079002079]
[1797][909,(17, 4),1796,N,481,52,0.002074688796680498]
[1802][912,(17, 3),1797,O,482,53,0.002070393374741201]
[1806][914,(17, 2),1802,O,483,54,0.002066115702479339]
[1809][915,(17, 1),1806,O,484,55,0.002061855670103093]
[1811][916,(18, 1),1809,S,485,54,0.00205761316872428]
[1813][918,(18, 0),1811,O,486,55,0.002053388090349076]
[1816][921,(19, 0),1813,S,487,54,0.0020491803278688526]
[1821][923,(20, 0),1816,S,488,53,0.002044989775051125]
[1824][924,(20, 1),1821,E,489,52,0.0020408163265306124]
[1826][925,(21, 1),1824,S,490,51,0.002036659877800407]
[1831][926,(21, 0),1826,O,491,52,0.0020325203252032522]
[1834][929,(22, 0),1831,S,492,51,0.002028397565922921]
[1836][931,(22, 1),1834,E,493,50,0.0020242914979757085]
[1839][932,(23, 1),1836,S,494,49,0.00202020202020202]
[1842][935,(23, 2),1839,E,495,48,0.0020161290322580645]
[1844][937,(24, 2),1842,S,496,47,0.002012072434607646]
[1847][939,(24, 3),1844,E,497,46,0.002008032128514056]
[1856][941,(23, 3),1847,N,498,47,0.002004008016032064]
[1858][945,(23, 4),1856,E,499,46,0.002]
[1860][946,(22, 4),1858,N,500,47,0.001996007984031936]
[1864][949,(21, 4),1860,N,501,48,0.00199203187250996]
[1867][953,(21, 5),1864,E,502,47,0.0019880715705765406]
[1869][957,(20, 5),1867,N,503,48,0.001984126984126984]
[1873][958,(19, 5),1869,N,504,49,0.0019801980198019802]
[1878][959,(19, 6),1873,E,505,48,0.001976284584980237]
[1914][960,(18, 6),1878,N,506,49,0.0019723865877712033]
[1919][961,(18, 7),1914,E,507,48,0.001968503937007874]
[1923][962,(18, 8),1919,E,508,47,0.0019646365422396855]
[1926][965,(17, 8),1923,N,509,48,0.00196078431372549]
[1930][966,(16, 8),1926,N,510,49,0.0019569471624266144]
[1935][968,(16, 9),1930,E,511,48,0.001953125]
[1939][971,(17, 9),1935,S,512,47,0.001949317738791423]
[1944][974,(17, 10),1939,E,513,46,0.0019455252918287938]
[1946][975,(17, 11),1944,E,514,45,0.001941747572815534]
[1949][977,(18, 11),1946,S,515,44,0.001937984496124031]
[1953][981,(18, 10),1949,O,516,45,0.0019342359767891683]
[1957][985,(18, 9),1953,O,517,46,0.0019305019305019305]
[1959][988,(19, 9),1957,S,518,45,0.0019267822736030828]
[1964][989,(19, 8),1959,O,519,46,0.0019230769230769232]
[1968][990,(19, 7),1964,O,520,47,0.0019193857965451055]
[1971][992,(20, 7),1968,S,521,46,0.0019157088122605363]
[1976][995,(20, 6),1971,O,522,47,0.0019120458891013384]
[1979][998,(21, 6),1976,S,523,46,0.0019083969465648854]
[1982][1000,(21, 7),1979,E,524,45,0.0019047619047619048]
[1986][1002,(21, 8),1982,E,525,44,0.0019011406844106464]
[1989][1003,(21, 9),1986,E,526,43,0.0018975332068311196]
[1991][1007,(20, 9),1989,N,527,44,0.001893939393939394]
[1995][1009,(20, 10),1991,E,528,43,0.001890359168241966]
[2001][1010,(19, 10),1995,N,529,44,0.0018867924528301887]
[2006][1013,(19, 11),2001,E,530,43,0.0018832391713747645]
[2009][1014,(19, 12),2006,E,531,42,0.0018796992481203006]
[2012][1017,(18, 12),2009,N,532,43,0.001876172607879925]
[2016][1019,(17, 12),2012,N,533,44,0.0018726591760299626]
[2020][1020,(17, 13),2016,E,534,43,0.001869158878504673]
[2022][1023,(17, 14),2020,E,535,42,0.0018656716417910447]
[2026][1024,(17, 15),2022,E,536,41,0.00186219739292365]
[2029][1026,(17, 16),2026,E,537,40,0.0018587360594795538]
[2032][1029,(16, 16),2029,N,538,41,0.0018552875695732839]
[2037][1030,(16, 17),2032,E,539,40,0.001851851851851852]
[2041][1033,(16, 18),2037,E,540,39,0.0018484288354898336]
[2047][1036,(15, 18),2041,N,541,40,0.0018450184501845018]
[2051][1037,(14, 18),2047,N,542,41,0.001841620626151013]
[2053][1038,(13, 18),2051,N,543,42,0.001838235294117647]
[2057][1040,(12, 18),2053,N,544,43,0.001834862385321101]
[2061][1041,(12, 19),2057,E,545,42,0.0018315018315018315]
[2065][1044,(13, 19),2061,S,546,41,0.0018281535648994515]
[2069][1047,(14, 19),2065,S,547,40,0.0018248175182481751]
[2073][1048,(14, 20),2069,E,548,39,0.0018214936247723133]
[2076][1049,(14, 21),2073,E,549,38,0.0018181818181818182]
[2078][1051,(13, 21),2076,N,550,39,0.0018148820326678765]
[2082][1052,(12, 21),2078,N,551,40,0.0018115942028985507]
[2085][1053,(11, 21),2082,N,552,41,0.0018083182640144665]
[2089][1054,(10, 21),2085,N,553,42,0.0018050541516245488]
[2093][1055,(10, 22),2089,E,554,41,0.0018018018018018018]
[2096][1058,(11, 22),2093,S,555,40,0.0017985611510791368]
[2099][1060,(11, 23),2096,E,556,39,0.0017953321364452424]
[2101][1061,(11, 24),2099,E,557,38,0.0017921146953405018]
[2104][1064,(11, 25),2101,E,558,37,0.0017889087656529517]
[2108][1067,(11, 26),2104,E,559,36,0.0017857142857142857]
[2112][1069,(11, 27),2108,E,560,35,0.0017825311942959]
[2114][1070,(11, 28),2112,E,561,34,0.0017793594306049821]
[2118][1071,(12, 28),2114,S,562,33,0.0017761989342806395]
[2123][1072,(12, 27),2118,O,563,34,0.0017730496453900709]
[2126][1073,(12, 26),2123,O,564,35,0.0017699115044247787]
[2128][1076,(12, 25),2126,O,565,36,0.0017667844522968198]
[2132][1078,(12, 24),2128,O,566,37,0.001763668430335097]
[2136][1080,(12, 23),2132,O,567,38,0.0017605633802816902]
[2140][1081,(12, 22),2136,O,568,39,0.0017574692442882249]
[2142][1082,(13, 22),2140,S,569,38,0.0017543859649122807]
[2145][1083,(14, 22),2142,S,570,37,0.0017513134851138354]
[2148][1085,(14, 23),2145,E,571,36,0.0017482517482517483]
[2152][1086,(14, 24),2148,E,572,35,0.0017452006980802793]
[2158][1087,(14, 25),2152,E,573,34,0.0017421602787456446]
[2166][1088,(14, 26),2158,E,574,33,0.0017391304347826088]
[2169][1090,(13, 26),2166,N,575,34,0.001736111111111111]
[2173][1091,(13, 27),2169,E,576,33,0.0017331022530329288]
[2176][1092,(14, 27),2173,S,577,32,0.0017301038062283738]
[2179][1093,(14, 28),2176,E,578,31,0.0017271157167530224]
[2182][1096,(14, 29),2179,E,579,30,0.0017241379310344827]
[2187][1097,(15, 29),2182,S,580,29,0.0017211703958691911]
[2192][1100,(15, 28),2187,O,581,30,0.001718213058419244]
[2196][1102,(15, 27),2192,O,582,31,0.0017152658662092624]
[2199][1104,(15, 26),2196,O,583,32,0.0017123287671232876]
[2203][1105,(15, 25),2199,O,584,33,0.0017094017094017094]
[2207][1106,(15, 24),2203,O,585,34,0.0017064846416382253]
[2211][1110,(15, 23),2207,O,586,35,0.0017035775127768314]
[2215][1112,(15, 22),2211,O,587,36,0.0017006802721088435]
[2218][1114,(15, 21),2215,O,588,37,0.001697792869269949]
[2222][1118,(15, 20),2218,O,589,38,0.001694915254237288]
[2224][1119,(16, 20),2222,S,590,37,0.001692047377326565]
[2227][1120,(16, 19),2224,O,591,38,0.0016891891891891893]
[2230][1121,(17, 19),2227,S,592,37,0.0016863406408094434]
[2237][1122,(17, 18),2230,O,593,38,0.0016835016835016834]
[2240][1124,(18, 18),2237,S,594,37,0.0016806722689075631]
[2248][1127,(18, 17),2240,O,595,38,0.0016778523489932886]
[2251][1128,(18, 16),2248,O,596,39,0.0016750418760469012]
[2254][1132,(19, 16),2251,S,597,38,0.0016722408026755853]
[2259][1133,(19, 15),2254,O,598,39,0.001669449081803005]
[2262][1134,(19, 14),2259,O,599,40,0.0016666666666666668]
[2263][1136,(18, 14),2262,N,600,41,0.0016638935108153079]
[2268][1137,(18, 13),2263,O,601,42,0.0016611295681063123]
[2271][1140,(19, 13),2268,S,602,41,0.001658374792703151]
[2275][1141,(20, 13),2271,S,603,40,0.0016556291390728477]
[2280][1142,(20, 12),2275,O,604,41,0.001652892561983471]
[2284][1144,(20, 11),2280,O,605,42,0.0016501650165016502]
[2287][1145,(21, 11),2284,S,606,41,0.0016474464579901153]
[2292][1146,(21, 10),2287,O,607,42,0.001644736842105263]
[2295][1149,(22, 10),2292,S,608,41,0.0016420361247947454]
[2300][1152,(22, 9),2295,O,609,42,0.001639344262295082]
[2303][1153,(22, 8),2300,O,610,43,0.0016366612111292963]
[2306][1155,(22, 7),2303,O,611,44,0.0016339869281045752]
[2310][1156,(22, 6),2306,O,612,45,0.0016313213703099511]
[2313][1157,(23, 6),2310,S,613,44,0.0016286644951140066]
[2320][1160,(23, 5),2313,O,614,45,0.0016260162601626016]
[2322][1161,(24, 5),2320,S,615,44,0.0016233766233766235]
[2325][1162,(24, 6),2322,E,616,43,0.0016207455429497568]
[2330][1163,(24, 7),2325,E,617,42,0.0016181229773462784]
[2332][1164,(23, 7),2330,N,618,43,0.0016155088852988692]
[2336][1168,(23, 8),2332,E,619,42,0.0016129032258064516]
[2340][1170,(23, 9),2336,E,620,41,0.001610305958132045]
[2343][1171,(23, 10),2340,E,621,40,0.001607717041800643]
[2347][1172,(23, 11),2343,E,622,39,0.0016051364365971107]
[2351][1175,(23, 12),2347,E,623,38,0.0016025641025641025]
[2357][1176,(22, 12),2351,N,624,39,0.0016]
[2361][1180,(21, 12),2357,N,625,40,0.001597444089456869]
[2365][1183,(21, 13),2361,E,626,39,0.001594896331738437]
[2369][1184,(21, 14),2365,E,627,38,0.0015923566878980893]
[2372][1185,(20, 14),2369,N,628,39,0.001589825119236884]
[2376][1188,(20, 15),2372,E,629,38,0.0015873015873015873]
[2380][1191,(20, 16),2376,E,630,37,0.001584786053882726]
[2383][1194,(20, 17),2380,E,631,36,0.0015822784810126582]
[2385][1197,(19, 17),2383,N,632,37,0.001579778830963665]
[2390][1198,(19, 18),2385,E,633,36,0.0015772870662460567]
[2393][1199,(19, 19),2390,E,634,35,0.0015748031496062992]
[2396][1200,(18, 19),2393,N,635,36,0.0015723270440251573]
[2400][1202,(18, 20),2396,E,636,35,0.0015698587127158557]
[2403][1203,(18, 21),2400,E,637,34,0.001567398119122257]
[2407][1205,(18, 22),2403,E,638,33,0.001564945226917058]
[2416][1209,(18, 23),2407,E,639,32,0.0015625]
[2422][1213,(18, 24),2416,E,640,31,0.0015600624024961]
[2425][1217,(17, 24),2422,N,641,32,0.001557632398753894]
[2427][1218,(16, 24),2425,N,642,33,0.0015552099533437014]
[2432][1220,(16, 25),2427,E,643,32,0.0015527950310559005]
[2441][1223,(17, 25),2432,S,644,31,0.0015503875968992248]
[2444][1227,(17, 26),2441,E,645,30,0.0015479876160990713]
[2446][1228,(17, 27),2444,E,646,29,0.0015455950540958269]
[2449][1229,(16, 27),2446,N,647,30,0.0015432098765432098]
[2454][1232,(16, 28),2449,E,648,29,0.0015408320493066256]
[2460][1234,(16, 29),2454,E,649,28,0.0015384615384615385]
[2463][1235,(16, 30),2460,E,650,27,0.0015360983102918587]
[2466][1237,(15, 30),2463,N,651,28,0.0015337423312883436]
[2469][1240,(14, 30),2466,N,652,29,0.0015313935681470138]
[2473][1244,(14, 31),2469,E,653,28,0.0015290519877675841]
[2475][1248,(13, 31),2473,N,654,29,0.0015267175572519084]
[2479][1250,(12, 31),2475,N,655,30,0.001524390243902439]
[2483][1251,(11, 31),2479,N,656,31,0.0015220700152207]
[2488][1254,(11, 32),2483,E,657,30,0.001519756838905775]
[2492][1255,(12, 32),2488,S,658,29,0.0015174506828528073]
[2495][1256,(12, 33),2492,E,659,28,0.0015151515151515152]
[2498][1259,(12, 34),2495,E,660,27,0.0015128593040847202]
[2501][1260,(11, 34),2498,N,661,28,0.0015105740181268882]
[2505][1261,(10, 34),2501,N,662,29,0.0015082956259426848]
[2510][1265,(10, 35),2505,E,663,28,0.0015060240963855422]
[2517][1268,(10, 36),2510,E,664,27,0.0015037593984962407]
[2520][1269,(11, 36),2517,S,665,26,0.0015015015015015015]
[2523][1273,(11, 37),2520,E,666,25,0.0014992503748125937]
[2524][1275,(10, 37),2523,N,667,26,0.0014970059880239522]
[2528][1276,(9, 37),2524,N,668,27,0.0014947683109118087]
[2531][1280,(9, 38),2528,E,669,26,0.0014925373134328358]
[2534][1281,(8, 38),2531,N,670,27,0.0014903129657228018]
[2539][1282,(8, 39),2534,E,671,26,0.001488095238095238]
[2543][1285,(7, 39),2539,N,672,27,0.0014858841010401188]
[2548][1288,(7, 40),2543,E,673,26,0.001483679525222552]
[2550][1290,(7, 41),2548,E,674,25,0.0014814814814814814]
[2553][1291,(8, 41),2550,S,675,24,0.0014792899408284023]
[2558][1295,(8, 40),2553,O,676,25,0.0014771048744460858]
[2561][1298,(9, 40),2558,S,677,24,0.0014749262536873156]
[2564][1300,(9, 41),2561,E,678,23,0.0014727540500736377]
[2567][1304,(9, 42),2564,E,679,22,0.0014705882352941176]
[2570][1306,(8, 42),2567,N,680,23,0.0014684287812041115]
[2574][1307,(8, 43),2570,E,681,22,0.001466275659824047]
[2577][1308,(8, 44),2574,E,682,21,0.0014641288433382138]
[2580][1311,(7, 44),2577,N,683,22,0.0014619883040935672]
[2584][1314,(6, 44),2580,N,684,23,0.00145985401459854]
[2588][1317,(5, 44),2584,N,685,24,0.0014577259475218659]
[2593][1319,(5, 45),2588,E,686,23,0.001455604075691412]
[2616][1321,(5, 46),2593,E,687,22,0.0014534883720930232]
[2619][1323,(4, 46),2616,N,688,23,0.001451378809869376]
[2623][1327,(4, 47),2619,E,689,22,0.0014492753623188406]
[2628][1328,(3, 47),2623,N,690,23,0.001447178002894356]
[2633][1331,(3, 48),2628,E,691,22,0.001445086705202312]
[2637][1332,(2, 48),2633,N,692,23,0.001443001443001443]
[2642][1333,(2, 49),2637,E,693,22,0.001440922190201729]
[2645][1336,(3, 49),2642,S,694,21,0.0014388489208633094]
[2648][1337,(4, 49),2645,S,695,20,0.0014367816091954023]
[2651][1339,(4, 48),2648,O,696,21,0.0014347202295552368]
[2654][1342,(5, 48),2651,S,697,20,0.0014326647564469914]
[2659][1344,(5, 47),2654,O,698,21,0.001430615164520744]
[2662][1348,(6, 47),2659,S,699,20,0.0014285714285714286]
[2666][1349,(6, 46),2662,O,700,21,0.0014265335235378032]
[2670][1351,(6, 45),2666,O,701,22,0.0014245014245014246]
[2673][1352,(7, 45),2670,S,702,21,0.001422475106685633]
[2676][1353,(8, 45),2673,S,703,20,0.0014204545454545455]
[2679][1355,(8, 46),2676,E,704,19,0.0014184397163120568]
[2682][1356,(9, 46),2679,S,705,18,0.00141643059490085]
[2687][1358,(9, 45),2682,O,706,19,0.0014144271570014145]
[2690][1359,(10, 45),2687,S,707,18,0.0014124293785310734]
[2694][1361,(10, 44),2690,O,708,19,0.0014104372355430183]
[2697][1362,(10, 43),2694,O,709,20,0.0014084507042253522]
[2700][1363,(11, 43),2697,S,710,19,0.0014064697609001407]
[2710][1364,(11, 42),2700,O,711,20,0.0014044943820224719]
[2713][1365,(11, 41),2710,O,712,21,0.001402524544179523]
[2717][1366,(11, 40),2713,O,713,22,0.0014005602240896359]
[2723][1370,(11, 39),2717,O,714,23,0.0013986013986013986]
[2729][1371,(12, 39),2723,S,715,22,0.0013966480446927375]
[2733][1374,(12, 38),2729,O,716,23,0.001394700139470014]
[2737][1376,(12, 37),2733,O,717,24,0.001392757660167131]
[2746][1377,(12, 36),2737,O,718,25,0.0013908205841446453]
[2749][1378,(12, 35),2746,O,719,26,0.001388888888888889]
[2752][1379,(13, 35),2749,S,720,25,0.0013869625520110957]
[2758][1380,(13, 34),2752,O,721,26,0.0013850415512465374]
[2762][1381,(13, 33),2758,O,722,27,0.0013831258644536654]
[2765][1382,(13, 32),2762,O,723,28,0.0013812154696132596]
[2768][1384,(14, 32),2765,S,724,27,0.001379310344827586]
[2771][1385,(15, 32),2768,S,725,26,0.0013774104683195593]
[2774][1388,(15, 33),2771,E,726,25,0.001375515818431912]
[2780][1389,(14, 33),2774,N,727,26,0.0013736263736263737]
[2784][1391,(14, 34),2780,E,728,25,0.0013717421124828531]
[2787][1395,(14, 35),2784,E,729,24,0.0013698630136986301]
[2790][1397,(14, 36),2787,E,730,23,0.0013679890560875513]
[2793][1401,(13, 36),2790,N,731,24,0.001366120218579235]
[2798][1403,(13, 37),2793,E,732,23,0.001364256480218281]
[2801][1405,(13, 38),2798,E,733,22,0.0013623978201634877]
[2806][1406,(14, 38),2801,S,734,21,0.0013605442176870747]
[2811][1409,(14, 39),2806,E,735,20,0.001358695652173913]
[2816][1411,(14, 40),2811,E,736,19,0.0013568521031207597]
[2819][1414,(13, 40),2816,N,737,20,0.0013550135501355014]
[2822][1416,(12, 40),2819,N,738,21,0.0013531799729364006]
[2825][1417,(12, 41),2822,E,739,20,0.0013513513513513514]
[2829][1418,(12, 42),2825,E,740,19,0.001349527665317139]
[2833][1420,(12, 43),2829,E,741,18,0.0013477088948787063]
[2837][1421,(12, 44),2833,E,742,17,0.0013458950201884253]
[2841][1425,(13, 44),2837,S,743,16,0.0013440860215053765]
[2847][1428,(13, 45),2841,E,744,15,0.0013422818791946308]
[2849][1431,(12, 45),2847,N,745,16,0.0013404825737265416]
[2852][1432,(11, 45),2849,N,746,17,0.0013386880856760374]
[2856][1435,(11, 46),2852,E,747,16,0.001336898395721925]
[2858][1436,(10, 46),2856,N,748,17,0.0013351134846461949]
[2863][1439,(10, 47),2858,E,749,16,0.0013333333333333333]
[2866][1442,(9, 47),2863,N,750,17,0.0013315579227696406]
[2870][1443,(9, 48),2866,E,751,16,0.0013297872340425532]
[2873][1445,(8, 48),2870,N,752,17,0.0013280212483399733]
[2878][1448,(8, 49),2873,E,753,16,0.001326259946949602]
[2900][1449,(9, 49),2878,S,754,15,0.0013245033112582781]
[2903][1450,(10, 49),2900,S,755,14,0.0013227513227513227]
[2906][1451,(11, 49),2903,S,756,13,0.001321003963011889]
[2909][1455,(11, 48),2906,O,757,14,0.0013192612137203166]
[2912][1456,(12, 48),2909,S,758,13,0.0013175230566534915]
[2918][1458,(12, 47),2912,O,759,14,0.0013157894736842105]
[2922][1461,(12, 46),2918,O,760,15,0.001314060446780552]
[2928][1462,(13, 46),2922,S,761,14,0.0013123359580052493]
[2931][1463,(13, 47),2928,E,762,13,0.001310615989515072]
[2934][1464,(13, 48),2931,E,763,12,0.0013089005235602095]
[2937][1465,(14, 48),2934,S,764,11,0.00130718954248366]
[2942][1469,(14, 47),2937,O,765,12,0.0013054830287206266]
[2946][1470,(14, 46),2942,O,766,13,0.001303780964797914]
[2950][1472,(14, 45),2946,O,767,14,0.0013020833333333333]
[2954][1473,(14, 44),2950,O,768,15,0.0013003901170351106]
[2957][1476,(14, 43),2954,O,769,16,0.0012987012987012987]
[2958][1478,(13, 43),2957,N,770,17,0.0012970168612191958]
[2964][1479,(13, 42),2958,O,771,18,0.0012953367875647669]
[2968][1483,(13, 41),2964,O,772,19,0.00129366106080207]
[2971][1484,(14, 41),2968,S,773,18,0.0012919896640826874]
[2973][1487,(15, 41),2971,S,774,17,0.0012903225806451613]
[2978][1490,(15, 40),2973,O,775,18,0.001288659793814433]
[2980][1491,(16, 40),2978,S,776,17,0.001287001287001287]
[2982][1495,(17, 40),2980,S,777,16,0.0012853470437017994]
[2984][1496,(17, 41),2982,E,778,15,0.0012836970474967907]
[2986][1498,(16, 41),2984,N,779,16,0.001282051282051282]
[2990][1500,(16, 42),2986,E,780,15,0.0012804097311139564]
[2993][1501,(16, 43),2990,E,781,14,0.0012787723785166241]
[3002][1503,(15, 43),2993,N,782,15,0.001277139208173691]
[3005][1507,(15, 44),3002,E,783,14,0.0012755102040816326]
[3007][1508,(15, 45),3005,E,784,13,0.0012738853503184713]
[3011][1509,(15, 46),3007,E,785,12,0.001272264631043257]
[3015][1510,(15, 47),3011,E,786,11,0.0012706480304955528]
[3019][1511,(15, 48),3015,E,787,10,0.0012690355329949238]
[3023][1512,(15, 49),3019,E,788,9,0.0012674271229404308]
[3026][1515,(16, 49),3023,S,789,8,0.0012658227848101266]
[3029][1517,(17, 49),3026,S,790,7,0.0012642225031605564]
[3035][1519,(17, 48),3029,O,791,8,0.0012626262626262627]
[3037][1521,(17, 47),3035,O,792,9,0.0012610340479192938]
[3038][1524,(16, 47),3037,N,793,10,0.0012594458438287153]
[3043][1525,(16, 46),3038,O,794,11,0.0012578616352201257]
[3047][1528,(16, 45),3043,O,795,12,0.001256281407035176]
[3051][1531,(16, 44),3047,O,796,13,0.0012547051442910915]
[3054][1534,(17, 44),3051,S,797,12,0.0012531328320802004]
[3057][1535,(17, 43),3054,O,798,13,0.0012515644555694619]
[3060][1536,(17, 42),3057,O,799,14,0.00125]
[3063][1537,(18, 42),3060,S,800,13,0.0012484394506866417]
[3065][1538,(18, 43),3063,E,801,12,0.0012468827930174563]
[3068][1539,(18, 44),3065,E,802,11,0.0012453300124533001]
[3071][1540,(18, 45),3068,E,803,10,0.0012437810945273632]
[3074][1541,(18, 46),3071,E,804,9,0.0012422360248447205]
[3078][1544,(18, 47),3074,E,805,8,0.0012406947890818859]
[3087][1545,(18, 48),3078,E,806,7,0.0012391573729863693]
[3091][1548,(19, 48),3087,S,807,6,0.0012376237623762376]
[3098][1549,(19, 47),3091,O,808,7,0.0012360939431396785]
[3102][1551,(19, 46),3098,O,809,8,0.0012345679012345679]
[3106][1552,(19, 45),3102,O,810,9,0.0012330456226880395]
[3110][1555,(19, 44),3106,O,811,10,0.0012315270935960591]
[3114][1558,(19, 43),3110,O,812,11,0.0012300123001230013]
[3117][1561,(19, 42),3114,O,813,12,0.0012285012285012285]
[3121][1562,(19, 41),3117,O,814,13,0.001226993865030675]
[3122][1563,(18, 41),3121,N,815,14,0.0012254901960784314]
[3128][1567,(18, 40),3122,O,816,15,0.0012239902080783353]
[3132][1568,(18, 39),3128,O,817,16,0.0012224938875305623]
[3133][1571,(17, 39),3132,N,818,17,0.001221001221001221]
[3138][1574,(17, 38),3133,O,819,18,0.0012195121951219512]
[3139][1576,(16, 38),3138,N,820,19,0.001218026796589525]
[3143][1580,(15, 38),3139,N,821,20,0.0012165450121654502]
[3146][1583,(15, 37),3143,O,822,21,0.001215066828675577]
[3148][1584,(16, 37),3146,S,823,20,0.0012135922330097086]
[3151][1585,(16, 36),3148,O,824,21,0.0012121212121212121]
[3152][1589,(15, 36),3151,N,825,22,0.0012106537530266344]
[3158][1592,(15, 35),3152,O,826,23,0.0012091898428053204]
[3161][1595,(16, 35),3158,S,827,22,0.0012077294685990338]
[3168][1596,(17, 35),3161,S,828,21,0.0012062726176115801]
[3170][1599,(17, 36),3168,E,829,20,0.0012048192771084338]
[3173][1602,(18, 36),3170,S,830,19,0.0012033694344163659]
[3176][1606,(18, 37),3173,E,831,18,0.001201923076923077]
[3177][1609,(19, 37),3176,S,832,17,0.0012004801920768306]
[3182][1611,(19, 36),3177,O,833,18,0.001199040767386091]
[3185][1612,(19, 35),3182,O,834,19,0.0011976047904191617]
[3189][1613,(19, 34),3185,O,835,20,0.0011961722488038277]
[3192][1614,(18, 34),3189,N,836,21,0.0011947431302270011]
[3195][1615,(17, 34),3192,N,837,22,0.0011933174224343676]
[3198][1616,(16, 34),3195,N,838,23,0.0011918951132300357]
[3202][1617,(16, 33),3198,O,839,24,0.0011904761904761906]
[3205][1618,(16, 32),3202,O,840,25,0.0011890606420927466]
[3209][1622,(16, 31),3205,O,841,26,0.0011876484560570072]
[3211][1623,(17, 31),3209,S,842,25,0.0011862396204033216]
[3214][1626,(17, 30),3211,O,843,26,0.001184834123222749]
[3218][1627,(17, 29),3214,O,844,27,0.001183431952662722]
[3221][1629,(18, 29),3218,S,845,26,0.001182033096926714]
[3226][1630,(18, 30),3221,E,846,25,0.0011806375442739079]
[3231][1632,(18, 31),3226,E,847,24,0.0011792452830188679]
[3235][1633,(18, 32),3231,E,848,23,0.001177856301531213]
[3238][1634,(17, 32),3235,N,849,24,0.001176470588235294]
[3243][1635,(17, 33),3238,E,850,23,0.0011750881316098707]
[3246][1638,(18, 33),3243,S,851,22,0.0011737089201877935]
[3250][1639,(19, 33),3246,S,852,21,0.0011723329425556857]
[3253][1640,(20, 33),3250,S,853,20,0.00117096018735363]
[3256][1641,(20, 32),3253,O,854,21,0.0011695906432748538]
[3259][1642,(20, 31),3256,O,855,22,0.0011682242990654205]
[3260][1645,(19, 31),3259,N,856,23,0.0011668611435239206]
[3267][1646,(19, 30),3260,O,857,24,0.0011655011655011655]
[3270][1648,(20, 30),3267,S,858,23,0.0011641443538998836]
[3273][1651,(20, 29),3270,O,859,24,0.0011627906976744186]
[3274][1653,(19, 29),3273,N,860,25,0.0011614401858304297]
[3280][1655,(19, 28),3274,O,861,26,0.001160092807424594]
[3283][1658,(19, 27),3280,O,862,27,0.0011587485515643105]
[3284][1659,(18, 27),3283,N,863,28,0.0011574074074074073]
[3289][1660,(18, 26),3284,O,864,29,0.0011560693641618498]
[3293][1664,(18, 25),3289,O,865,30,0.0011547344110854503]
[3295][1667,(19, 25),3293,S,866,29,0.0011534025374855825]
[3299][1668,(19, 24),3295,O,867,30,0.001152073732718894]
[3302][1669,(19, 23),3299,O,868,31,0.0011507479861910242]
[3306][1670,(19, 22),3302,O,869,32,0.0011494252873563218]
[3309][1672,(20, 22),3306,S,870,31,0.001148105625717566]
[3313][1675,(20, 21),3309,O,871,32,0.0011467889908256881]
[3317][1678,(20, 20),3313,O,872,33,0.001145475372279496]
[3321][1681,(20, 19),3317,O,873,34,0.0011441647597254005]
[3324][1684,(20, 18),3321,O,874,35,0.001142857142857143]
[3327][1685,(21, 18),3324,S,875,34,0.001141552511415525]
[3332][1687,(21, 17),3327,O,876,35,0.0011402508551881414]
[3336][1690,(21, 16),3332,O,877,36,0.0011389521640091116]
[3339][1691,(21, 15),3336,O,878,37,0.0011376564277588168]
[3342][1695,(22, 15),3339,S,879,36,0.0011363636363636363]
[3345][1696,(23, 15),3342,S,880,35,0.0011350737797956867]
[3347][1697,(23, 16),3345,E,881,34,0.0011337868480725624]
[3384][1701,(22, 16),3347,N,882,35,0.0011325028312570782]
[3389][1704,(22, 17),3384,E,883,34,0.0011312217194570137]
[3392][1706,(22, 18),3389,E,884,33,0.0011299435028248588]
[3396][1709,(22, 19),3392,E,885,32,0.001128668171557562]
[3398][1710,(22, 20),3396,E,886,31,0.0011273957158962795]
[3401][1712,(21, 20),3398,N,887,32,0.0011261261261261261]
[3404][1714,(21, 21),3401,E,888,31,0.0011248593925759281]
[3411][1715,(21, 22),3404,E,889,30,0.0011235955056179776]
[3415][1716,(21, 23),3411,E,890,29,0.001122334455667789]
[3417][1719,(21, 24),3415,E,891,28,0.0011210762331838565]
[3420][1720,(20, 24),3417,N,892,29,0.0011198208286674132]
[3424][1722,(20, 25),3420,E,893,28,0.0011185682326621924]
[3431][1723,(20, 26),3424,E,894,27,0.0011173184357541898]
[3435][1724,(20, 27),3431,E,895,26,0.0011160714285714285]
[3441][1727,(20, 28),3435,E,896,25,0.0011148272017837235]
[3446][1729,(21, 28),3441,S,897,24,0.0011135857461024498]
[3451][1732,(21, 27),3446,O,898,25,0.0011123470522803114]
[3455][1736,(21, 26),3451,O,899,26,0.0011111111111111111]
[3457][1737,(21, 25),3455,O,900,27,0.0011098779134295228]
[3460][1741,(22, 25),3457,S,901,26,0.0011086474501108647]
[3464][1745,(22, 24),3460,O,902,27,0.0011074197120708748]
[3467][1748,(23, 24),3464,S,903,26,0.0011061946902654867]
[3474][1751,(23, 23),3467,O,904,27,0.0011049723756906078]
[3476][1752,(23, 22),3474,O,905,28,0.0011037527593818985]
[3480][1753,(23, 21),3476,O,906,29,0.0011025358324145535]
[3486][1755,(24, 21),3480,S,907,28,0.0011013215859030838]
[3488][1756,(24, 22),3486,E,908,27,0.0011001100110011]
[3519][1759,(24, 23),3488,E,909,26,0.001098901098901099]
[3521][1761,(24, 24),3519,E,910,25,0.0010976948408342481]
[3524][1765,(24, 25),3521,E,911,24,0.0010964912280701754]
[3526][1767,(23, 25),3524,N,912,25,0.001095290251916758]
[3530][1768,(23, 26),3526,E,913,24,0.0010940919037199124]
[3534][1769,(23, 27),3530,E,914,23,0.001092896174863388]
[3539][1772,(22, 27),3534,N,915,24,0.001091703056768559]
[3544][1775,(22, 28),3539,E,916,23,0.0010905125408942203]
[3547][1778,(22, 29),3544,E,917,22,0.0010893246187363835]
[3550][1779,(21, 29),3547,N,918,23,0.001088139281828074]
[3555][1781,(21, 30),3550,E,919,22,0.0010869565217391304]
[3559][1784,(22, 30),3555,S,920,21,0.0010857763300760044]
[3564][1788,(22, 31),3559,E,921,20,0.0010845986984815619]
[3567][1789,(22, 32),3564,E,922,19,0.0010834236186348862]
[3570][1792,(21, 32),3567,N,923,20,0.0010822510822510823]
[3575][1794,(21, 33),3570,E,924,19,0.001081081081081081]
[3577][1797,(21, 34),3575,E,925,18,0.0010799136069114472]
[3581][1798,(21, 35),3577,E,926,17,0.0010787486515641855]
[3587][1799,(20, 35),3581,N,927,18,0.0010775862068965517]
[3591][1802,(20, 36),3587,E,928,17,0.001076426264800861]
[3595][1803,(21, 36),3591,S,929,16,0.001075268817204301]
[3600][1806,(21, 37),3595,E,930,15,0.0010741138560687433]
[3603][1807,(21, 38),3600,E,931,14,0.001072961373390558]
[3606][1808,(21, 39),3603,E,932,13,0.0010718113612004287]
[3609][1810,(20, 39),3606,N,933,14,0.0010706638115631692]
[3614][1811,(20, 40),3609,E,934,13,0.0010695187165775401]
[3627][1814,(20, 41),3614,E,935,12,0.0010683760683760685]
[3631][1815,(20, 42),3627,E,936,11,0.0010672358591248667]
[3635][1816,(20, 43),3631,E,937,10,0.0010660980810234541]
[3639][1817,(20, 44),3635,E,938,9,0.0010649627263045794]
[3643][1818,(20, 45),3639,E,939,8,0.0010638297872340426]
[3647][1819,(20, 46),3643,E,940,7,0.0010626992561105207]
[3651][1821,(20, 47),3647,E,941,6,0.0010615711252653928]
[3655][1822,(20, 48),3651,E,942,5,0.0010604453870625664]
[3660][1825,(21, 48),3655,S,943,4,0.001059322033898305]
[3666][1826,(21, 47),3660,O,944,5,0.0010582010582010583]
[3670][1828,(21, 46),3666,O,945,6,0.0010570824524312897]
[3674][1829,(21, 45),3670,O,946,7,0.0010559662090813093]
[3678][1831,(21, 44),3674,O,947,8,0.0010548523206751054]
[3682][1833,(21, 43),3678,O,948,9,0.001053740779768177]
[3686][1834,(21, 42),3682,O,949,10,0.0010526315789473684]
[3690][1835,(21, 41),3686,O,950,11,0.0010515247108307045]
[3693][1836,(22, 41),3690,S,951,10,0.0010504201680672268]
[3699][1839,(22, 42),3693,E,952,9,0.001049317943336831]
[3702][1842,(22, 43),3699,E,953,8,0.0010482180293501049]
[3705][1844,(22, 44),3702,E,954,7,0.0010471204188481676]
[3709][1845,(22, 45),3705,E,955,6,0.0010460251046025104]
[3713][1846,(22, 46),3709,E,956,5,0.0010449320794148381]
[3718][1849,(23, 46),3713,S,957,4,0.0010438413361169101]
[3723][1850,(23, 47),3718,E,958,3,0.0010427528675703858]
[3863][1851,(23, 48),3723,E,959,2,0.0010416666666666667]
[3868][1852,(24, 48),3863,S,960,1,0.001040582726326743]
[3876][1854,(24, 49),3868,E,961,0,0.0010395010395010396]