[id][cost,state,father_id,action,depth,h,value]
[0][0,(0, 0),None,None,0,18,18]
[1][1,(0, 1),0,E,1,17,18]
[2][3,(1, 1),1,S,2,16,19]
[5][6,(2, 1),2,S,3,15,21]
[8][10,(2, 2),5,E,4,14,24]
[14][11,(2, 3),8,E,5,13,24]
[18][14,(2, 4),14,E,6,12,26]
[47][15,(3, 4),18,S,7,11,26]
[55][16,(4, 4),47,S,8,10,26]
[61][18,(4, 5),55,E,9,9,27]
[88][19,(4, 6),61,E,10,8,27]
[93][20,(5, 6),88,S,11,7,27]
[106][22,(5, 7),93,E,12,6,28]
[121][23,(6, 7),106,S,13,5,28]
[137][24,(6, 8),121,E,14,4,28]
[141][27,(7, 8),137,S,15,3,30]
[201][28,(8, 8),141,S,16,2,30]
[206][30,(9, 8),201,S,17,1,31]
[238][32,(9, 9),206,E,18,0,32]