[id][cost,state,father_id,action,depth,h,value]
[0][0,(0, 0),None,None,0,18,0]
[1][1,(0, 1),0,E,1,17,1]
[2][3,(1, 1),1,S,2,16,2]
[5][6,(2, 1),2,S,3,15,3]
[10][10,(2, 2),5,E,4,14,4]
[16][11,(2, 3),10,E,5,13,5]
[26][14,(2, 4),16,E,6,12,6]
[41][15,(2, 5),26,E,7,11,7]
[60][18,(3, 5),41,S,8,10,8]
[81][20,(3, 6),60,E,9,9,9]
[102][23,(4, 6),81,S,10,8,10]
[132][24,(5, 6),102,S,11,7,11]
[165][26,(5, 7),132,E,12,6,12]
[200][27,(6, 7),165,S,13,5,13]
[235][28,(6, 8),200,E,14,4,14]
[262][31,(7, 8),235,S,15,3,15]
[283][32,(8, 8),262,S,16,2,16]
[294][34,(9, 8),283,S,17,1,17]
[300][36,(9, 9),294,E,18,0,18]