[id][cost,state,father_id,action,depth,h,value]
[0][0,(0, 0),None,None,0,18,18]
[1][1,(0, 1),0,E,1,17,17]
[2][3,(1, 1),1,S,2,16,16]
[5][6,(2, 1),2,S,3,15,15]
[8][10,(2, 2),5,E,4,14,14]
[12][11,(2, 3),8,E,5,13,13]
[16][14,(2, 4),12,E,6,12,12]
[20][15,(2, 5),16,E,7,11,11]
[24][18,(3, 5),20,S,8,10,10]
[27][20,(3, 6),24,E,9,9,9]
[30][23,(3, 7),27,E,10,8,8]
[34][26,(3, 8),30,E,11,7,7]
[38][28,(3, 9),34,E,12,6,6]
[42][30,(4, 9),38,S,13,5,5]
[45][31,(5, 9),42,S,14,4,4]
[47][32,(6, 9),45,S,15,3,3]
[50][35,(6, 8),47,O,16,4,4]
[52][38,(7, 8),50,S,17,3,3]
[56][39,(8, 8),52,S,18,2,2]
[61][41,(9, 8),56,S,19,1,1]
[65][43,(9, 9),61,E,20,0,0]