[id][cost,state,father_id,action,depth,h,value]
[0][0,(0, 0),None,None,0,18,0]
[1][1,(0, 1),0,E,1,17,1]
[2][3,(1, 1),1,S,2,16,3]
[5][6,(2, 1),2,S,3,15,6]
[10][10,(2, 2),5,E,4,14,10]
[16][11,(2, 3),10,E,5,13,11]
[26][14,(2, 4),16,E,6,12,14]
[57][15,(3, 4),26,S,7,11,15]
[63][16,(4, 4),57,S,8,10,16]
[76][18,(4, 5),63,E,9,9,18]
[107][19,(4, 6),76,E,10,8,19]
[126][20,(5, 6),107,S,11,7,20]
[144][22,(5, 7),126,E,12,6,22]
[170][23,(6, 7),144,S,13,5,23]
[198][24,(6, 8),170,E,14,4,24]
[231][27,(7, 8),198,S,15,3,27]
[269][28,(8, 8),231,S,16,2,28]
[288][30,(9, 8),269,S,17,1,30]
[300][32,(9, 9),288,E,18,0,32]