[id][cost,state,father_id,action,depth,h,value]
[0][0,(0, 0),None,None,0,18, 18]
[1][4,(0, 1),0,E,1,17,17]
[3][8,(1, 1),1,S,2,16,16]
[11][12,(1, 2),3,E,3,15,15]
[14][14,(2, 2),11,S,4,14,14]
[17][17,(2, 3),14,E,5,13,13]
[18][18,(2, 4),17,E,6,12,12]
[20][19,(2, 5),18,E,7,11,11]
[24][21,(3, 5),20,S,8,10,10]
[27][24,(3, 6),24,E,9,9,9]
[29][27,(4, 6),27,S,10,8,8]
[32][29,(4, 7),29,E,11,7,7]
[36][32,(5, 7),32,S,12,6,6]
[46][33,(6, 7),36,S,13,5,5]
[59][36,(7, 7),46,S,14,4,4]
[62][39,(8, 7),59,S,15,3,3]
[65][42,(8, 8),62,E,16,2,2]
[66][44,(8, 9),65,E,17,1,1]
[69][47,(9, 9),66,S,18,0,0]